int D20165215[10][10][7][7] = {
	//-----------------------숫자0-----------------------
	{
		{ // 1
			{ 0,0,0,0,0,0,0 },
			{ 0,0,1,1,1,0,0 },
			{ 0,0,1,0,1,0,0 },
			{ 0,0,1,0,1,0,0 },
			{ 0,0,1,0,1,0,0 },
			{ 0,0,1,1,1,0,0 },
			{ 0,0,0,0,0,0,0 }
		},
		{ // 2
			{ 0,0,0,0,0,0,0 },
			{ 0,0,0,1,0,0,0 },
			{ 0,0,1,0,1,0,0 },
			{ 0,0,1,0,1,0,0 },
			{ 0,0,1,0,1,0,0 },
			{ 0,0,0,1,0,0,0 },
			{ 0,0,0,0,0,0,0 }
		},
		{ // 3
			{ 0,0,0,0,0,0,0 },
			{ 0,0,0,1,1,1,0 },
			{ 0,0,0,1,0,1,0 },
			{ 0,0,0,1,0,1,0 },
			{ 0,0,0,1,1,1,0 },
			{ 0,0,0,0,0,0,0 },
			{ 0,0,0,0,0,0,0 }
		},
		{ // 4
			{ 0,0,0,0,0,0,0 },
			{ 0,0,0,1,1,1,0 },
			{ 0,0,0,1,0,1,0 },
			{ 0,0,0,1,0,1,0 },
			{ 0,0,0,1,0,1,0 },
			{ 0,0,0,1,1,1,0 },
			{ 0,0,0,0,0,0,0 }
		},
		{ // 5
			{ 0,0,0,0,0,0,0 },
			{ 0,0,0,0,0,0,0 },
			{ 0,0,1,1,1,0,0 },
			{ 0,0,1,0,1,0,0 },
			{ 0,0,1,1,1,0,0 },
			{ 0,0,0,0,0,0,0 },
			{ 0,0,0,0,0,0,0 }
		},
		{ // 6
			{ 0,0,0,0,0,0,0 },
			{ 0,1,1,1,1,1,0 },
			{ 0,1,0,0,0,1,0 },
			{ 0,1,0,0,0,1,0 },
			{ 0,1,0,0,0,1,0 },
			{ 0,1,1,1,1,1,0 },
			{ 0,0,0,0,0,0,0 }
		},
		{ // 7
			{ 0,0,0,0,0,0,0 },
			{ 0,1,1,1,1,0,0 },
			{ 0,1,0,0,1,0,0 },
			{ 0,1,0,0,1,0,0 },
			{ 0,1,0,0,1,0,0 },
			{ 0,1,1,1,1,0,0 },
			{ 0,0,0,0,0,0,0 }
		},
		{ // 8
			{ 0,0,0,0,0,0,0 },
			{ 0,0,0,1,0,0,0 },
			{ 0,0,1,0,1,0,0 },
			{ 0,0,1,0,1,0,0 },
			{ 0,0,1,0,1,0,0 },
			{ 0,0,0,1,0,0,0 },
			{ 0,0,0,0,0,0,1 }
		},
		{ // 9
			{ 0,0,0,0,0,0,1 },
			{ 0,0,1,1,1,0,0 },
			{ 0,0,1,0,1,0,0 },
			{ 0,0,1,0,1,0,0 },
			{ 0,0,1,0,1,0,0 },
			{ 0,0,1,1,1,0,0 },
			{ 0,0,0,0,0,0,0 }
		},
		{ // 10
			{ 0,0,0,0,0,0,0 },
			{ 0,0,0,1,1,1,1 },
			{ 0,0,0,1,0,0,1 },
			{ 0,0,0,1,0,0,1 },
			{ 0,0,0,1,0,0,1 },
			{ 0,0,0,1,0,0,1 },
			{ 0,0,0,1,1,1,1 }
		}
	},

	//-----------------------숫자1-----------------------
	{
		{ // 1
			{ 0,0,0,0,0,0,0 },
			{ 0,0,0,1,0,0,0 },
			{ 0,0,0,1,0,0,0 },
			{ 0,0,0,1,0,0,0 },
			{ 0,0,0,1,0,0,0 },
			{ 0,0,0,1,0,0,0 },
			{ 0,0,0,0,0,0,0 }
		},
		{ // 2
			{ 0,0,0,0,0,0,0 },
			{ 0,1,0,0,0,0,0 },
			{ 0,1,0,0,0,0,0 },
			{ 0,1,0,0,0,0,0 },
			{ 0,1,0,0,0,0,0 },
			{ 0,1,0,0,0,0,0 },
			{ 0,0,0,0,0,0,0 }
		},
		{ // 3
			{ 0,0,0,0,0,0,0 },
			{ 0,0,0,0,0,1,0 },
			{ 0,0,0,0,0,1,0 },
			{ 0,0,0,0,0,1,0 },
			{ 0,0,0,0,0,1,0 },
			{ 0,0,0,0,0,1,0 },
			{ 0,0,0,0,0,0,0 }
		},
		{ // 4
			{ 0,0,0,0,0,0,0 },
			{ 0,0,0,0,1,0,0 },
			{ 0,0,0,0,1,0,0 },
			{ 0,0,0,0,1,0,0 },
			{ 0,0,0,0,1,0,0 },
			{ 0,0,0,0,1,0,0 },
			{ 0,0,0,0,0,0,0 }
		},
		{ // 5
			{ 0,0,0,0,0,0,0 },
			{ 0,0,0,0,0,0,0 },
			{ 0,0,0,1,0,0,0 },
			{ 0,0,0,1,0,0,0 },
			{ 0,0,0,1,0,0,0 },
			{ 0,0,0,0,0,0,0 },
			{ 0,0,0,0,0,0,0 }
		},
		{ // 6
			{ 0,0,0,0,0,0,0 },
			{ 0,0,0,1,0,0,0 },
			{ 0,0,0,1,0,0,0 },
			{ 0,0,0,1,0,0,0 },
			{ 0,0,0,0,1,0,0 },
			{ 0,0,0,1,0,0,0 },
			{ 0,0,0,1,0,0,0 }
		},
		{ // 7
			{ 0,0,1,0,0,0,0 },
			{ 0,0,0,1,0,0,0 },
			{ 0,0,0,1,0,0,0 },
			{ 0,0,0,1,0,0,0 },
			{ 0,0,0,1,0,0,0 },
			{ 0,0,0,1,0,0,0 },
			{ 0,0,0,0,0,0,0 }
		},
		{ // 8
			{ 0,0,0,0,0,0,0 },
			{ 0,0,1,0,0,0,0 },
			{ 0,0,1,0,0,0,0 },
			{ 0,0,1,0,0,0,0 },
			{ 0,0,1,0,0,0,0 },
			{ 0,0,1,0,0,0,0 },
			{ 0,0,0,0,0,0,0 }
		},
		{ // 9
			{ 0,0,0,0,0,0,0 },
			{ 0,0,1,0,0,0,0 },
			{ 0,0,0,1,0,0,0 },
			{ 0,0,0,1,0,0,0 },
			{ 0,0,0,1,0,0,0 },
			{ 0,0,0,1,0,0,0 },
			{ 0,0,0,0,1,0,0 }
		},
		{ // 10
			{ 0,0,0,0,0,0,0 },
			{ 0,0,0,1,0,0,0 },
			{ 0,0,0,1,0,0,0 },
			{ 0,0,0,1,0,0,0 },
			{ 0,0,0,1,0,0,0 },
			{ 0,0,0,1,0,0,0 },
			{ 0,0,0,0,0,0,1 }
		}
	},

	//-----------------------숫자2-----------------------
	{
		{ // 1
			{ 0,0,0,0,0,0,0 },
			{ 0,1,1,1,1,1,0 },
			{ 0,0,0,0,0,1,0 },
			{ 0,1,1,1,1,1,0 },
			{ 0,1,0,0,0,0,0 },
			{ 0,1,1,1,1,1,0 },
			{ 0,0,0,0,0,0,0 }
		},
		{ // 2
			{ 0,0,0,0,0,0,0 },
			{ 0,0,1,1,1,0,0 },
			{ 0,0,0,0,1,0,0 },
			{ 0,0,1,1,1,0,0 },
			{ 0,0,1,0,0,0,0 },
			{ 0,0,1,1,1,0,0 },
			{ 0,0,0,0,0,0,0 }
		},
		{ // 3
			{ 0,0,0,0,0,0,0 },
			{ 0,1,1,1,1,0,0 },
			{ 0,0,0,0,1,0,0 },
			{ 0,0,1,1,1,0,0 },
			{ 0,0,1,0,0,0,0 },
			{ 0,0,1,1,1,1,0 },
			{ 0,0,0,0,0,0,0 }
		},
		{ // 4
			{ 0,0,0,0,0,0,0 },
			{ 0,1,1,1,1,0,0 },
			{ 0,0,0,0,1,0,0 },
			{ 0,1,1,1,1,0,0 },
			{ 0,1,0,0,0,0,0 },
			{ 0,1,1,1,1,0,0 },
			{ 0,0,0,0,0,0,0 }
		},
		{ // 5
			{ 1,0,0,0,0,0,0 },
			{ 0,1,1,1,1,1,0 },
			{ 0,0,0,0,0,1,0 },
			{ 0,1,1,1,1,1,0 },
			{ 0,1,0,0,0,0,0 },
			{ 0,1,1,1,1,1,0 },
			{ 0,0,0,0,0,0,0 }
		},
		{ // 6
			{ 0,1,1,1,1,1,0 },
			{ 0,0,0,0,0,1,0 },
			{ 0,0,0,0,0,1,0 },
			{ 0,1,1,1,1,1,0 },
			{ 0,1,0,0,0,0,0 },
			{ 0,1,0,0,0,0,0 },
			{ 0,1,1,1,1,1,0 }
		},
		{ // 7
			{ 0,0,0,0,0,0,0 },
			{ 0,0,1,1,0,0,0 },
			{ 0,0,0,1,0,0,0 },
			{ 0,0,1,1,0,0,0 },
			{ 0,0,1,0,0,0,0 },
			{ 0,0,1,1,0,0,0 },
			{ 0,0,0,0,0,0,0 }
		},
		{ // 8
			{ 0,0,0,0,0,0,0 },
			{ 0,1,1,1,1,0,0 },
			{ 0,0,0,0,1,0,0 },
			{ 0,0,0,0,1,0,0 },
			{ 0,1,1,1,1,0,0 },
			{ 0,1,0,0,0,0,0 },
			{ 0,1,1,1,1,0,0 }
		},
		{ // 9
			{ 0,0,0,0,0,0,0 },
			{ 0,1,1,1,1,0,0 },
			{ 0,0,0,0,1,0,0 },
			{ 0,1,1,1,1,0,0 },
			{ 0,1,0,0,0,0,0 },
			{ 0,1,0,0,0,0,0 },
			{ 0,1,1,1,1,0,0 }
		},
		{ // 10
			{ 0,0,0,0,0,0,1 },
			{ 0,1,1,1,1,0,0 },
			{ 0,0,0,0,1,0,0 },
			{ 0,1,1,1,1,0,0 },
			{ 0,1,0,0,0,0,0 },
			{ 0,1,0,0,0,0,0 },
			{ 0,1,1,1,1,0,0 }
		}
	},

	//-----------------------숫자3-----------------------
	{
		{ // 1
			{ 0,0,0,0,0,0,0 },
			{ 0,1,1,1,1,1,0 },
			{ 0,0,0,0,0,1,0 },
			{ 0,1,1,1,1,1,0 },
			{ 0,0,0,0,0,1,0 },
			{ 0,1,1,1,1,1,0 },
			{ 0,0,0,0,0,0,0 }
		},
		{ // 2
			{ 0,0,1,1,1,0,0 },
			{ 0,0,0,0,1,0,0 },
			{ 0,0,0,0,1,0,0 },
			{ 0,0,1,1,1,0,0 },
			{ 0,0,0,0,1,0,0 },
			{ 0,0,1,1,1,0,0 },
			{ 0,0,0,0,0,0,0 }
		},
		{ // 3
			{ 0,0,0,0,0,0,0 },
			{ 0,0,1,1,1,1,0 },
			{ 0,0,0,0,0,1,0 },
			{ 0,0,1,1,1,1,0 },
			{ 0,0,0,0,0,1,0 },
			{ 0,0,1,1,1,1,0 },
			{ 0,0,0,0,0,0,0 }
		},
		{ // 4
			{ 0,1,1,1,1,1,0 },
			{ 0,0,0,0,0,1,0 },
			{ 0,0,0,0,0,1,0 },
			{ 0,1,1,1,1,1,0 },
			{ 0,0,0,0,0,1,0 },
			{ 0,0,0,0,0,1,0 },
			{ 0,1,1,1,1,1,0 }
		},
		{ // 5
			{ 0,1,0,0,0,0,0 },
			{ 0,0,1,1,1,0,0 },
			{ 0,0,0,0,1,0,0 },
			{ 0,0,1,1,1,0,0 },
			{ 0,0,0,0,1,0,0 },
			{ 0,0,1,1,1,0,0 },
			{ 0,0,0,0,0,0,0 }
		},
		{ // 6
			{ 0,0,0,0,0,0,0 },
			{ 0,0,1,1,1,0,0 },
			{ 0,0,0,0,1,0,0 },
			{ 0,0,1,1,1,0,0 },
			{ 0,0,0,0,1,0,0 },
			{ 0,0,1,1,1,0,0 },
			{ 0,0,0,0,0,0,0 }
		},
		{ // 7
			{ 0,0,0,0,0,0,0 },
			{ 0,1,1,1,1,1,0 },
			{ 0,0,0,0,0,1,0 },
			{ 0,0,1,1,1,1,0 },
			{ 0,0,0,0,0,1,0 },
			{ 0,1,1,1,1,1,0 },
			{ 0,0,0,0,0,0,0 }
		},
		{ // 8
			{ 0,0,0,0,0,0,0 },
			{ 0,0,1,1,1,1,0 },
			{ 0,0,0,0,0,1,0 },
			{ 0,1,1,1,1,1,0 },
			{ 0,0,0,0,0,1,0 },
			{ 0,0,1,1,1,1,0 },
			{ 0,0,0,0,0,0,0 }
		},
		{ // 9
			{ 1,0,0,0,0,0,0 },
			{ 0,0,0,1,1,1,0 },
			{ 0,0,0,0,0,1,0 },
			{ 0,0,1,1,1,1,0 },
			{ 0,0,0,0,0,1,0 },
			{ 0,0,0,1,1,1,0 },
			{ 0,0,0,0,0,0,0 }
		},
		{ // 10
			{ 0,0,0,0,0,0,0 },
			{ 0,1,0,0,0,0,0 },
			{ 0,0,0,1,1,1,0 },
			{ 0,0,0,0,0,1,0 },
			{ 0,0,0,1,1,1,0 },
			{ 0,0,0,0,0,1,0 },
			{ 0,0,0,1,1,1,0 }
		}
	},

	//-----------------------숫자4-----------------------
	{
		{ // 1
			{ 0,0,0,0,0,0,0 },
			{ 0,1,0,0,1,0,0 },
			{ 0,1,0,0,1,0,0 },
			{ 0,1,0,0,1,0,0 },
			{ 0,1,1,1,1,1,0 },
			{ 0,0,0,0,1,0,0 },
			{ 0,0,0,0,0,0,0 }
		},
		{ // 2
			{ 0,0,0,0,0,0,0 },
			{ 0,0,0,0,0,0,0 },
			{ 0,0,1,0,1,0,0 },
			{ 0,0,1,1,1,1,0 },
			{ 0,0,0,0,1,0,0 },
			{ 0,0,0,0,0,0,0 },
			{ 0,0,0,0,0,0,0 }
		},
		{ // 3
			{ 0,0,0,0,0,0,0 },
			{ 0,0,1,0,1,0,0 },
			{ 0,0,1,0,1,0,0 },
			{ 0,0,1,0,1,0,0 },
			{ 0,0,1,1,1,1,0 },
			{ 0,0,0,0,1,0,0 },
			{ 0,0,0,0,1,0,0 }
		},
		{ // 4
			{ 0,0,0,0,0,0,0 },
			{ 0,1,0,0,1,0,0 },
			{ 0,1,0,0,1,0,0 },
			{ 0,1,1,1,1,1,1 },
			{ 0,0,0,0,1,0,0 },
			{ 0,0,0,0,1,0,0 },
			{ 0,0,0,0,0,0,0 }
		},
		{ // 5
			{ 0,0,0,0,0,0,0 },
			{ 0,0,1,0,1,0,0 },
			{ 0,0,1,0,1,0,0 },
			{ 0,0,1,1,1,1,0 },
			{ 0,0,0,0,1,0,0 },
			{ 0,0,0,0,0,0,0 },
			{ 0,0,0,0,0,0,0 }
		},
		{ // 6
			{ 0,0,0,0,0,0,0 },
			{ 0,0,0,0,0,0,0 },
			{ 0,1,0,1,0,0,0 },
			{ 0,1,1,1,1,1,0 },
			{ 0,0,0,1,0,0,0 },
			{ 0,0,0,0,0,0,0 },
			{ 0,0,0,0,0,0,0 }
		},
		{ // 7
			{ 0,0,0,0,0,0,0 },
			{ 0,0,0,0,0,0,0 },
			{ 0,1,0,1,0,0,0 },
			{ 0,1,1,1,1,1,0 },
			{ 0,0,0,1,0,0,0 },
			{ 0,0,0,1,0,0,0 },
			{ 0,0,0,0,0,0,0 }
		},
		{ // 8
			{ 0,0,0,0,0,0,0 },
			{ 0,1,0,0,1,0,0 },
			{ 0,1,0,0,1,0,0 },
			{ 0,1,0,0,1,0,0 },
			{ 0,1,1,1,1,1,1 },
			{ 0,0,0,0,1,0,0 },
			{ 0,0,0,0,1,0,0 }
		},
		{ // 9
			{ 0,0,0,0,0,0,0 },
			{ 0,0,0,0,0,0,0 },
			{ 0,0,1,0,1,0,0 },
			{ 0,0,1,1,1,1,0 },
			{ 0,0,0,0,1,0,0 },
			{ 0,0,0,0,1,0,0 },
			{ 0,0,0,0,0,0,0 }
		},
		{ // 10
			{ 0,0,0,0,0,0,0 },
			{ 0,0,0,0,0,0,0 },
			{ 0,1,0,1,0,0,0 },
			{ 0,1,0,1,0,0,0 },
			{ 0,1,1,1,1,0,0 },
			{ 0,0,0,1,0,0,0 },
			{ 0,0,0,0,0,0,0 }
		}
	},

	//-----------------------숫자5-----------------------
	{
		{ // 1
			{ 0,0,0,0,0,0,0 },
			{ 0,1,1,1,1,1,0 },
			{ 0,1,0,0,0,0,0 },
			{ 0,1,1,1,1,1,0 },
			{ 0,0,0,0,0,1,0 },
			{ 0,1,1,1,1,1,0 },
			{ 0,0,0,0,0,0,0 }
		},
		{ // 2
			{ 0,0,0,0,0,0,0 },
			{ 0,1,1,1,0,0,0 },
			{ 0,1,0,0,0,0,0 },
			{ 0,1,1,1,0,0,0 },
			{ 0,0,0,1,0,0,0 },
			{ 0,1,1,1,0,0,0 },
			{ 0,0,0,0,0,0,0 }
		},
		{ // 3
			{ 0,0,0,0,0,0,0 },
			{ 0,0,1,1,1,1,0 },
			{ 0,0,1,0,0,0,0 },
			{ 0,0,1,1,1,1,0 },
			{ 0,0,0,0,0,1,0 },
			{ 0,0,1,1,1,1,0 },
			{ 0,0,0,0,0,0,0 }
		},
		{ // 4
			{ 0,0,0,0,0,0,0 },
			{ 0,0,1,1,1,0,0 },
			{ 0,0,1,0,0,0,0 },
			{ 0,0,1,1,1,1,0 },
			{ 0,0,0,0,0,1,0 },
			{ 0,0,1,1,1,1,0 },
			{ 0,0,0,0,0,0,0 }
		},
		{ // 5
			{ 0,0,0,0,0,0,0 },
			{ 0,1,1,1,1,1,0 },
			{ 0,1,0,0,0,0,0 },
			{ 0,1,1,1,1,0,0 },
			{ 0,0,0,0,1,0,0 },
			{ 0,1,1,1,1,0,0 },
			{ 0,0,0,0,0,0,0 }
		},
		{ // 6
			{ 0,0,0,0,0,0,0 },
			{ 0,1,1,1,1,1,0 },
			{ 0,1,0,0,0,0,0 },
			{ 0,1,1,1,0,0,0 },
			{ 0,0,0,1,0,0,0 },
			{ 0,1,1,1,0,0,0 },
			{ 0,0,0,0,0,0,0 }
		},
		{ // 7
			{ 0,0,0,0,0,0,0 },
			{ 0,1,1,1,1,0,0 },
			{ 0,1,0,0,0,0,0 },
			{ 0,1,1,1,1,0,0 },
			{ 0,0,0,0,1,0,0 },
			{ 0,0,0,0,1,0,0 },
			{ 0,1,1,1,1,0,0 }
		},
		{ // 8
			{ 0,1,1,1,1,0,0 },
			{ 0,1,0,0,0,0,0 },
			{ 0,1,0,0,0,0,0 },
			{ 0,1,1,1,1,0,0 },
			{ 0,0,0,0,1,0,0 },
			{ 0,1,1,1,1,0,0 },
			{ 0,0,0,0,0,0,0 }
		},
		{ // 9
			{ 0,1,1,1,1,0,0 },
			{ 0,1,0,0,0,0,0 },
			{ 0,1,0,0,0,0,0 },
			{ 0,1,1,1,1,0,0 },
			{ 0,0,0,0,1,0,0 },
			{ 0,0,0,0,1,0,0 },
			{ 0,1,1,1,1,0,0 }
		},
		{ // 10
			{ 0,1,1,1,1,1,0 },
			{ 0,1,0,0,0,0,0 },
			{ 0,1,0,0,0,0,0 },
			{ 0,1,1,1,1,1,0 },
			{ 0,0,0,0,0,1,0 },
			{ 0,0,0,0,0,1,0 },
			{ 0,1,1,1,1,1,0 }
		}
	},

	//-----------------------숫자6-----------------------
	{
		{ // 1
			{ 0,0,0,0,0,0,0 },
			{ 0,1,0,0,0,0,0 },
			{ 0,1,0,0,0,0,0 },
			{ 0,1,1,1,1,1,0 },
			{ 0,1,0,0,0,1,0 },
			{ 0,1,1,1,1,1,0 },
			{ 0,0,0,0,0,0,0 }
		},
		{ // 2
			{ 0,0,0,0,0,0,0 },
			{ 0,0,1,0,0,0,0 },
			{ 0,0,1,0,0,0,0 },
			{ 0,0,1,1,1,1,0 },
			{ 0,0,1,0,0,1,0 },
			{ 0,0,1,1,1,1,0 },
			{ 0,0,0,0,0,0,0 }
		},
		{ // 3
			{ 0,0,0,0,0,0,0 },
			{ 0,0,1,0,0,0,0 },
			{ 0,0,1,0,0,0,0 },
			{ 0,0,1,1,1,0,0 },
			{ 0,0,1,0,1,0,0 },
			{ 0,0,1,1,1,0,0 },
			{ 0,0,0,0,0,0,0 }
		},
		{ // 4
			{ 0,0,0,0,0,0,0 },
			{ 0,0,0,0,0,0,0 },
			{ 0,1,0,0,0,0,0 },
			{ 0,1,1,1,1,1,0 },
			{ 0,1,0,0,0,1,0 },
			{ 0,1,1,1,1,1,0 },
			{ 0,0,0,0,0,0,0 }
		},
		{ // 5
			{ 0,0,0,0,0,0,0 },
			{ 0,0,0,0,0,0,0 },
			{ 0,0,1,0,0,0,0 },
			{ 0,0,1,1,1,0,0 },
			{ 0,0,1,0,1,0,0 },
			{ 0,0,1,1,1,0,0 },
			{ 0,0,0,0,0,0,0 }
		},
		{ // 6
			{ 1,0,0,0,0,0,0 },
			{ 0,0,0,0,1,0,0 },
			{ 0,0,0,0,1,0,0 },
			{ 0,0,0,0,1,1,1 },
			{ 0,0,0,0,1,0,1 },
			{ 0,0,0,0,1,1,1 },
			{ 0,0,0,0,0,0,0 }
		},
		{ // 7
			{ 0,1,1,0,0,0,0 },
			{ 0,1,1,0,0,0,0 },
			{ 0,1,1,1,1,1,0 },
			{ 0,1,1,1,1,1,0 },
			{ 0,1,1,0,1,1,0 },
			{ 0,1,1,1,1,1,0 },
			{ 0,1,1,1,1,1,0 }
		},
		{ // 8
			{ 0,1,0,0,0,0,0 },
			{ 0,1,0,0,0,0,0 },
			{ 0,1,0,0,0,0,0 },
			{ 0,1,1,1,1,1,0 },
			{ 0,1,0,0,0,1,0 },
			{ 0,1,0,0,0,1,0 },
			{ 0,1,1,1,1,1,0 }
		},
		{ // 9
			{ 0,0,1,0,0,0,0 },
			{ 0,0,1,0,0,0,0 },
			{ 0,0,1,1,1,1,0 },
			{ 0,0,1,0,0,1,0 },
			{ 0,0,1,0,0,1,0 },
			{ 0,0,1,1,1,1,0 },
			{ 0,0,0,0,0,0,0 }
		},
		{ // 10
			{ 0,0,1,0,0,0,0 },
			{ 0,0,1,0,0,0,0 },
			{ 0,0,1,0,0,0,0 },
			{ 0,0,1,1,1,0,0 },
			{ 0,0,1,0,1,0,0 },
			{ 0,0,1,0,1,0,0 },
			{ 0,0,1,1,1,0,0 }
		}
	},

	//-----------------------숫자7-----------------------
	{
		{ // 1
			{ 0,0,0,0,0,0,0 },
			{ 0,0,1,1,1,0,0 },
			{ 0,0,0,0,1,0,0 },
			{ 0,0,0,0,1,0,0 },
			{ 0,0,0,0,1,0,0 },
			{ 0,0,0,0,1,0,0 },
			{ 0,0,0,0,0,0,0 }
		},
		{ // 2
			{ 0,0,0,0,0,0,0 },
			{ 0,0,1,1,1,1,0 },
			{ 0,0,0,0,0,1,0 },
			{ 0,0,0,0,0,1,0 },
			{ 0,0,0,0,0,1,0 },
			{ 0,0,0,0,0,1,0 },
			{ 1,0,0,0,0,0,0 }
		},
		{ // 3
			{ 0,0,0,0,0,0,0 },
			{ 0,1,1,1,1,0,0 },
			{ 0,0,0,0,1,0,0 },
			{ 0,0,0,0,1,0,0 },
			{ 0,0,0,0,1,0,0 },
			{ 0,0,0,0,1,0,0 },
			{ 0,0,0,0,0,0,0 }
		},
		{ // 4
			{ 0,0,0,0,0,0,0 },
			{ 0,0,1,1,1,1,0 },
			{ 0,0,0,0,0,1,0 },
			{ 0,0,0,0,0,1,0 },
			{ 0,0,0,0,0,1,0 },
			{ 0,0,0,0,0,1,0 },
			{ 0,0,0,0,0,1,0 }
		},
		{ // 5
			{ 0,0,0,0,0,0,0 },
			{ 0,0,0,0,1,0,0 },
			{ 0,0,0,0,0,0,0 },
			{ 0,1,1,1,0,0,0 },
			{ 0,0,0,1,0,0,0 },
			{ 0,0,0,1,0,0,0 },
			{ 0,0,0,1,0,0,0 }
		},
		{ // 6
			{ 0,0,0,0,0,0,0 },
			{ 0,0,1,1,1,1,0 },
			{ 0,0,0,0,0,1,0 },
			{ 0,0,0,0,0,1,0 },
			{ 0,0,0,0,0,1,0 },
			{ 0,0,0,0,0,1,0 },
			{ 0,0,0,0,0,0,0 }
		},
		{ // 7
			{ 0,0,0,0,0,0,0 },
			{ 0,0,1,1,1,0,0 },
			{ 0,0,0,0,1,0,0 },
			{ 0,0,0,0,1,0,0 },
			{ 0,0,0,0,1,0,0 },
			{ 0,0,0,0,1,0,0 },
			{ 0,0,0,0,1,0,0 }
		},
		{ // 8
			{ 0,0,0,0,0,0,0 },
			{ 0,1,1,1,1,0,0 },
			{ 0,0,0,0,1,0,0 },
			{ 0,0,0,0,1,0,0 },
			{ 0,0,0,0,1,0,0 },
			{ 0,0,0,0,1,0,0 },
			{ 0,0,0,0,1,0,0 }
		},
		{ // 9
			{ 0,0,0,0,0,0,1 },
			{ 0,0,1,1,1,0,0 },
			{ 0,0,0,0,1,0,0 },
			{ 0,0,0,0,1,0,0 },
			{ 0,0,0,0,1,0,0 },
			{ 0,0,0,0,1,0,0 },
			{ 0,0,0,0,0,0,0 }
		},
		{ // 10
			{ 0,0,0,0,0,0,0 },
			{ 0,1,1,1,0,0,0 },
			{ 0,0,0,1,0,0,0 },
			{ 0,0,0,1,0,0,0 },
			{ 0,0,0,1,0,0,0 },
			{ 0,0,0,1,0,0,0 },
			{ 0,0,0,0,0,0,1 }
		}
	},

	//-----------------------숫자8-----------------------
	{
		{ // 1
			{ 0,0,0,0,0,0,0 },
			{ 0,1,1,1,1,1,0 },
			{ 0,1,0,0,0,1,0 },
			{ 0,1,1,1,1,1,0 },
			{ 0,1,0,0,0,1,0 },
			{ 0,1,1,1,1,1,0 },
			{ 0,0,0,0,0,0,0 }
		},
		{ // 2
			{ 0,0,0,0,0,0,0 },
			{ 0,0,1,1,1,0,0 },
			{ 0,0,0,0,1,0,0 },
			{ 0,0,1,1,1,0,0 },
			{ 0,0,1,0,1,0,0 },
			{ 0,0,1,1,1,0,0 },
			{ 0,0,0,0,0,0,0 }
		},
		{ // 3
			{ 0,0,0,0,0,0,0 },
			{ 0,0,1,1,1,1,0 },
			{ 0,0,1,0,0,1,0 },
			{ 0,0,1,1,1,1,0 },
			{ 0,0,1,0,0,1,0 },
			{ 0,0,1,1,1,1,0 },
			{ 0,0,0,0,0,0,0 }
		},
		{ // 4
			{ 0,1,1,1,0,0,0 },
			{ 0,1,0,1,0,0,0 },
			{ 0,1,1,1,0,0,0 },
			{ 0,1,0,1,0,0,0 },
			{ 0,1,1,1,0,0,0 },
			{ 0,0,0,0,0,0,0 },
			{ 0,0,0,0,0,0,0 }
		},
		{ // 5
			{ 0,0,0,0,0,0,0 },
			{ 0,0,0,0,0,0,0 },
			{ 0,0,0,1,1,1,0 },
			{ 0,0,0,1,0,1,0 },
			{ 0,0,0,1,1,1,0 },
			{ 0,0,0,1,0,1,0 },
			{ 0,0,0,1,1,1,0 }
		},
		{ // 6
			{ 0,0,0,0,0,0,0 },
			{ 0,1,1,1,1,1,0 },
			{ 0,1,1,0,1,1,0 },
			{ 0,1,1,1,1,1,0 },
			{ 0,1,1,0,1,1,0 },
			{ 0,1,1,1,1,1,0 },
			{ 0,0,0,0,0,0,0 }
		},
		{ // 7
			{ 0,1,1,1,1,1,0 },
			{ 0,1,1,1,1,1,0 },
			{ 0,1,1,0,1,1,0 },
			{ 0,1,1,1,1,1,0 },
			{ 0,1,1,0,1,1,0 },
			{ 0,1,1,1,1,1,0 },
			{ 0,1,1,1,1,1,0 }
		},
		{ // 8
			{ 0,1,1,1,1,1,0 },
			{ 0,1,0,0,0,1,0 },
			{ 0,1,1,1,1,1,0 },
			{ 0,1,1,1,1,1,0 },
			{ 0,1,0,0,0,1,0 },
			{ 0,1,1,1,1,1,0 },
			{ 0,0,0,0,0,0,0 }
		},
		{ // 9
			{ 1,1,1,1,0,0,0 },
			{ 1,0,0,1,0,0,0 },
			{ 1,1,1,1,0,0,0 },
			{ 1,0,0,1,0,0,0 },
			{ 1,1,1,1,0,0,0 },
			{ 0,0,0,0,0,0,0 },
			{ 0,0,0,0,0,0,0 }
		},
		{ // 10
			{ 0,0,1,1,1,0,0 },
			{ 0,0,1,1,1,0,0 },
			{ 0,0,1,0,1,0,0 },
			{ 0,0,1,1,1,0,0 },
			{ 0,0,1,0,1,0,0 },
			{ 0,0,1,1,1,0,0 },
			{ 0,0,1,1,1,0,0 }
		}
	},

	//-----------------------숫자9-----------------------
	{
		{ // 1
			{ 0,0,0,0,0,0,0 },
			{ 0,1,1,1,1,1,0 },
			{ 0,1,0,0,0,1,0 },
			{ 0,1,1,1,1,1,0 },
			{ 0,0,0,0,0,1,0 },
			{ 0,0,0,0,0,1,0 },
			{ 0,0,0,0,0,0,0 }
		},
		{ // 2
			{ 0,0,0,0,0,0,1 },
			{ 0,1,1,1,1,0,0 },
			{ 0,1,0,0,1,0,0 },
			{ 0,1,1,1,1,0,0 },
			{ 0,0,0,0,1,0,0 },
			{ 0,0,0,0,1,0,0 },
			{ 0,0,0,0,0,0,0 }
		},
		{ // 3
			{ 1,1,1,1,0,0,0 },
			{ 1,0,0,1,0,0,0 },
			{ 1,1,1,1,0,0,0 },
			{ 0,0,0,1,0,0,0 },
			{ 0,0,0,1,0,0,0 },
			{ 0,0,0,1,0,0,0 },
			{ 0,0,0,0,0,0,0 }
		},
		{ // 4
			{ 0,0,0,0,0,0,0 },
			{ 0,0,1,1,1,0,0 },
			{ 0,0,1,0,1,0,0 },
			{ 0,0,1,1,1,0,0 },
			{ 0,0,0,0,1,0,0 },
			{ 0,0,0,0,1,0,0 },
			{ 0,0,0,0,0,0,0 }
		},
		{ // 5
			{ 0,0,0,0,0,0,0 },
			{ 0,0,1,1,1,1,0 },
			{ 0,0,1,0,0,1,0 },
			{ 0,0,1,1,1,1,0 },
			{ 0,0,0,0,0,1,0 },
			{ 0,0,0,0,0,1,0 },
			{ 0,0,0,0,0,0,0 }
		},
		{ // 6
			{ 0,0,0,0,0,0,1 },
			{ 0,1,1,1,1,0,0 },
			{ 0,1,0,0,1,0,0 },
			{ 0,1,0,0,1,0,0 },
			{ 0,1,1,1,1,0,0 },
			{ 0,0,0,0,1,0,0 },
			{ 0,0,0,0,1,0,0 }
		},
		{ // 7
			{ 1,0,0,0,0,0,0 },
			{ 0,0,1,1,1,1,0 },
			{ 0,0,1,0,0,1,0 },
			{ 0,0,1,1,1,1,0 },
			{ 0,0,0,0,0,1,0 },
			{ 0,0,0,0,0,1,0 },
			{ 0,0,0,0,0,0,0 }
		},
		{ // 8
			{ 0,0,0,0,0,0,0 },
			{ 0,0,0,1,1,1,0 },
			{ 0,0,0,1,0,1,0 },
			{ 0,0,0,1,0,1,0 },
			{ 0,0,0,1,1,1,0 },
			{ 0,0,0,0,0,1,0 },
			{ 0,0,0,0,0,1,0 }
		},
		{ // 9
			{ 1,0,0,0,0,0,0 },
			{ 0,0,1,1,1,0,0 },
			{ 0,0,1,0,1,0,0 },
			{ 0,0,1,0,1,0,0 },
			{ 0,0,1,1,1,0,0 },
			{ 0,0,0,0,1,0,0 },
			{ 0,0,0,0,1,0,0 }
		},
		{ // 10
			{ 0,1,1,1,1,1,0 },
			{ 0,1,0,0,0,1,0 },
			{ 0,1,0,0,0,1,0 },
			{ 0,1,1,1,1,1,0 },
			{ 0,0,0,0,0,1,0 },
			{ 0,0,0,0,0,1,0 },
			{ 0,0,0,0,0,1,0 }
		}
	}
};