int a[10][10][size][size] = {
	//-----------------------숫자0
	{
		{
			{ 1,1,1,1,1,1,1 },
			{ 1,0,0,0,0,0,1 },
			{ 1,0,0,0,0,0,1 },
			{ 1,0,0,0,0,0,1 },
			{ 1,0,0,0,0,0,1 },
			{ 1,0,0,0,0,0,1 },
			{ 1,1,1,1,1,1,1 }
		},
		{
			{ 1,1,1,1,1,1,1 },
			{ 1,1,1,1,1,1,1 },
			{ 1,1,0,0,0,1,1 },
			{ 1,1,0,0,0,1,1 },
			{ 1,1,0,0,0,1,1 },
			{ 1,1,0,0,0,1,1 },
			{ 1,1,1,1,1,1,1 }
		},
		{
			{ 0,0,0,0,0,0,0 },
			{ 0,1,1,1,1,1,0 },
			{ 0,1,0,0,1,1,0 },
			{ 0,1,0,0,1,1,0 },
			{ 0,1,1,1,1,1,0 },
			{ 0,0,0,0,0,0,0 },
			{ 0,0,0,0,0,0,0 }
		},
		{
			{ 0,0,0,1,1,1,0 },
			{ 0,1,1,0,0,0,1 },
			{ 0,1,1,0,0,0,1 },
			{ 0,1,1,0,0,0,1 },
			{ 0,1,1,0,0,0,1 },
			{ 0,1,1,0,0,0,1 },
			{ 0,0,0,1,1,1,0 }
		},
		{
			{ 0,1,1,0,0,0,0 },
			{ 1,0,0,1,0,0,0 },
			{ 1,0,0,1,0,0,0 },
			{ 1,0,0,1,0,0,0 },
			{ 1,0,0,1,0,0,0 },
			{ 1,0,0,1,0,0,0 },
			{ 0,1,1,0,0,0,0 }
		},
		{
			{ 0,0,0,1,0,0,0 },
			{ 0,0,1,0,1,0,0 },
			{ 0,1,0,0,0,1,0 },
			{ 0,1,0,0,0,1,0 },
			{ 0,1,0,0,0,1,0 },
			{ 0,0,1,0,1,0,0 },
			{ 0,0,0,1,0,0,0 }
		},
		{
			{ 0,0,0,0,0,0,0 },
			{ 0,0,0,0,0,0,0 },
			{ 0,0,0,1,1,1,0 },
			{ 0,0,1,0,0,0,1 },
			{ 0,0,1,0,0,0,1 },
			{ 0,0,1,0,0,0,1 },
			{ 0,0,0,1,1,1,0 }
		},
		{
			{ 0,0,0,0,1,1,1 },
			{ 0,0,0,1,0,0,1 },
			{ 0,0,0,1,0,0,1 },
			{ 0,0,0,1,0,0,1 },
			{ 0,0,0,1,0,0,1 },
			{ 0,0,0,1,1,1,0 },
			{ 0,0,0,0,0,0,0 }
		},
		{
			{ 0,0,0,0,0,0,0 },
			{ 0,0,1,1,0,0,0 },
			{ 0,1,0,0,1,0,0 },
			{ 0,1,0,0,1,0,0 },
			{ 0,1,0,0,1,0,0 },
			{ 0,1,0,0,1,0,0 },
			{ 0,0,1,1,0,0,0 }
		},
		{
			{ 0,0,0,0,0,0,0 },
			{ 0,0,0,0,0,0,0 },
			{ 1,1,1,0,0,0,0 },
			{ 1,0,0,1,0,0,0 },
			{ 1,0,0,1,0,0,0 },
			{ 1,0,0,1,0,0,0 },
			{ 0,1,1,1,0,0,0 }
		}
	},

	//-----------------------숫자1
	{
		{
			{ 0,0,0,1,1,1,0 },
			{ 0,0,0,1,1,1,0 },
			{ 0,0,0,1,1,1,0 },
			{ 0,0,0,1,1,1,0 },
			{ 0,0,0,1,1,1,0 },
			{ 0,0,0,1,1,0,0 },
			{ 0,0,0,1,1,0,0 }
		},
		{
			{ 0,0,0,0,0,0,0 },
			{ 0,0,0,1,1,0,0 },
			{ 0,0,0,1,1,0,0 },
			{ 0,0,0,1,1,0,0 },
			{ 0,0,0,1,0,0,0 },
			{ 0,0,0,1,0,0,0 },
			{ 0,0,0,0,0,0,0 }
		},
		{
			{ 0,0,1,0,0,0,0 },
			{ 0,0,1,0,0,0,0 },
			{ 0,1,0,0,0,0,0 },
			{ 0,1,0,0,0,0,0 },
			{ 0,1,0,0,0,0,0 },
			{ 0,1,0,0,0,0,0 },
			{ 0,1,0,0,0,0,0 }
		},
		{
			{ 0,0,0,0,0,1,1 },
			{ 0,0,0,0,0,1,1 },
			{ 0,0,0,0,0,1,1 },
			{ 0,0,0,0,0,1,1 },
			{ 0,0,0,0,0,0,1 },
			{ 0,0,0,0,0,0,1 },
			{ 0,0,0,0,0,0,1 }
		},
		{
			{ 0,0,0,0,0,0,0 },
			{ 0,0,0,0,1,0,0 },
			{ 0,0,0,0,1,1,0 },
			{ 0,0,0,0,1,1,0 },
			{ 0,0,0,0,1,1,0 },
			{ 0,0,0,0,1,1,0 },
			{ 0,0,0,0,0,1,0 }
		},
		{
			{ 0,0,0,0,0,1,0 },
			{ 0,0,0,0,0,1,0 },
			{ 0,0,0,0,0,1,1 },
			{ 0,0,0,0,0,1,1 },
			{ 0,0,0,0,0,1,0 },
			{ 0,0,0,0,0,1,0 },
			{ 0,0,0,0,0,1,0 }
		},
		{
			{ 0,1,0,0,0,0,0 },
			{ 0,1,0,0,0,0,0 },
			{ 0,1,1,0,0,0,0 },
			{ 0,1,1,0,0,0,0 },
			{ 0,1,1,0,0,0,0 },
			{ 0,1,1,0,0,0,0 },
			{ 0,1,0,0,0,0,0 }
		},
		{
			{ 0,1,0,0,0,0,0 },
			{ 0,0,1,0,0,0,0 },
			{ 0,0,1,0,0,0,0 },
			{ 0,0,1,0,0,0,0 },
			{ 0,0,1,0,0,0,0 },
			{ 0,0,1,0,0,0,0 },
			{ 0,0,1,0,0,0,0 }
		},
		{
			{ 0,0,0,0,1,0,0 },
			{ 0,0,0,0,1,0,0 },
			{ 0,0,0,0,1,0,0 },
			{ 0,0,0,0,1,0,0 },
			{ 0,0,0,0,1,0,0 },
			{ 0,0,0,0,1,0,0 },
			{ 0,0,0,0,1,0,0 }
		},
		{
			{ 0,0,0,0,0,0,0 },
			{ 0,0,0,0,0,0,0 },
			{ 1,1,0,0,0,0,0 },
			{ 1,1,0,0,0,0,0 },
			{ 1,1,0,0,0,0,0 },
			{ 1,0,0,0,0,0,0 },
			{ 1,0,0,0,0,0,0 }
		}
	},

	//-----------------------숫자2
	{
		{
			{ 1,1,1,1,1,1,0 },
			{ 0,0,0,0,0,0,1 },
			{ 0,0,0,0,0,0,1 },
			{ 0,1,1,1,1,1,0 },
			{ 1,0,0,0,0,0,0 },
			{ 1,0,0,0,0,0,0 },
			{ 0,1,1,1,1,1,1 }
		},
		{
			{ 0,1,1,1,1,1,0 },
			{ 0,0,0,0,1,0,0 },
			{ 0,0,0,1,0,0,0 },
			{ 0,0,1,0,0,0,0 },
			{ 0,1,0,0,0,0,0 },
			{ 0,1,0,0,0,0,0 },
			{ 0,1,1,1,1,1,1 }
		},
		{
			{ 1,1,1,1,0,0,0 },
			{ 0,0,0,0,1,0,0 },
			{ 0,0,0,0,1,0,0 },
			{ 0,1,1,1,0,0,0 },
			{ 0,1,0,0,0,0,0 },
			{ 0,1,0,0,0,0,0 },
			{ 0,1,1,1,1,0,0 }
		},
		{
			{ 0,0,1,1,1,1,1 },
			{ 0,0,0,0,0,0,1 },
			{ 0,0,0,0,0,0,1 },
			{ 0,0,0,1,1,1,0 },
			{ 0,0,0,1,0,0,0 },
			{ 0,0,0,1,0,0,0 },
			{ 0,0,0,1,1,1,1 }
		},
		{
			{ 0,0,0,0,1,1,0 },
			{ 0,0,0,0,0,0,1 },
			{ 0,0,0,0,0,0,1 },
			{ 0,0,0,0,0,1,1 },
			{ 0,0,0,0,1,0,0 },
			{ 0,0,0,0,1,0,0 },
			{ 0,0,0,0,0,1,1 }
		},
		{
			{ 0,0,0,0,0,0,0 },
			{ 0,0,1,1,1,0,0 },
			{ 0,0,0,0,1,0,0 },
			{ 0,0,1,1,1,0,0 },
			{ 0,0,1,0,0,0,0 },
			{ 0,0,1,1,0,0,0 },
			{ 0,0,0,0,0,0,0 }
		},
		{
			{ 0,0,0,0,0,0,0 },
			{ 0,0,0,0,0,0,0 },
			{ 0,1,1,1,1,0,0 },
			{ 0,0,0,0,1,0,0 },
			{ 0,0,1,1,1,0,0 },
			{ 0,0,1,0,0,0,0 },
			{ 0,0,1,1,1,1,0 }
		},
		{
			{ 0,0,0,0,0,0,0 },
			{ 0,0,0,0,0,0,0 },
			{ 0,0,1,1,1,1,1 },
			{ 0,0,0,0,0,1,0 },
			{ 0,0,0,0,1,0,0 },
			{ 0,0,0,1,0,0,0 },
			{ 0,0,1,1,1,1,1 }
		},
		{
			{ 0,0,0,0,0,0,0 },
			{ 0,0,1,1,1,0,0 },
			{ 0,0,0,0,0,1,0 },
			{ 0,0,1,1,1,0,0 },
			{ 0,0,1,0,0,0,0 },
			{ 0,0,1,0,0,0,0 },
			{ 0,0,1,1,1,1,1 }
		},
		{
			{ 0,0,0,0,0,0,0 },
			{ 0,1,1,1,1,1,0 },
			{ 0,0,0,0,1,0,0 },
			{ 0,0,0,1,0,0,0 },
			{ 0,0,1,0,0,0,0 },
			{ 0,1,0,0,0,0,0 },
			{ 0,1,1,1,1,1,1 }
		}
	},

	//-----------------------숫자3
	{
		{
			{ 1,1,1,1,1,1,1 },
			{ 0,0,0,0,0,0,1 },
			{ 0,0,0,0,0,0,1 },
			{ 1,1,1,1,1,1,1 },
			{ 0,0,0,0,0,0,1 },
			{ 0,0,0,0,0,0,1 },
			{ 1,1,1,1,1,1,1 }
		},
		{
			{ 0,0,1,1,1,1,1 },
			{ 0,1,0,0,0,1,1 },
			{ 0,0,0,0,0,1,1 },
			{ 0,0,1,1,1,1,1 },
			{ 0,0,0,0,0,1,1 },
			{ 0,1,0,0,0,1,1 },
			{ 0,0,1,1,1,1,1 }
		},
		{
			{ 0,0,1,1,1,0,0 },
			{ 0,1,0,0,1,0,0 },
			{ 0,0,0,0,1,0,0 },
			{ 0,0,1,1,1,0,0 },
			{ 0,0,0,0,1,0,0 },
			{ 0,1,0,0,1,0,0 },
			{ 0,0,1,1,1,0,0 }
		},
		{
			{ 0,1,1,1,0,0,0 },
			{ 0,0,0,0,1,0,0 },
			{ 0,1,1,1,0,0,0 },
			{ 0,0,0,0,1,0,0 },
			{ 0,1,1,1,0,0,0 },
			{ 0,0,0,0,0,0,0 },
			{ 0,0,0,0,0,0,0 }
		},
		{
			{ 0,0,0,0,0,0,0 },
			{ 0,0,0,0,0,0,0 },
			{ 0,0,0,1,1,1,0 },
			{ 0,0,0,0,0,0,1 },
			{ 0,0,0,1,1,1,1 },
			{ 0,0,0,0,0,0,1 },
			{ 0,0,0,1,1,1,0 }
		},
		{
			{ 0,0,0,0,0,0,0 },
			{ 0,0,0,0,1,1,1 },
			{ 0,0,0,0,0,0,1 },
			{ 0,0,0,0,1,1,1 },
			{ 0,0,0,0,0,0,1 },
			{ 0,0,0,1,1,1,1 },
			{ 0,0,0,0,0,0,0 }
		},
		{
			{ 0,0,0,0,0,0,0 },
			{ 0,0,0,0,0,0,0 },
			{ 0,1,1,1,0,0,0 },
			{ 0,0,0,0,1,0,0 },
			{ 1,1,1,1,1,0,0 },
			{ 0,0,0,0,1,0,0 },
			{ 0,1,1,1,0,0,0 }
		},
		{
			{ 0,0,0,0,0,0,0 },
			{ 0,1,1,1,0,0,0 },
			{ 0,0,0,0,1,0,0 },
			{ 0,1,1,1,1,0,0 },
			{ 0,0,0,0,1,0,0 },
			{ 0,1,1,1,0,0,0 },
			{ 0,0,0,0,0,0,0 }
		},
		{
			{ 0,0,0,0,0,0,0 },
			{ 0,0,0,0,1,1,0 },
			{ 0,0,0,0,0,0,1 },
			{ 0,0,0,0,1,1,1 },
			{ 0,0,0,0,0,0,1 },
			{ 0,0,1,1,1,1,0 },
			{ 0,0,0,0,0,0,0 }
		},
		{
			{ 0,0,1,1,1,1,0 },
			{ 0,0,1,1,1,1,0 },
			{ 0,0,0,0,0,1,0 },
			{ 1,1,1,1,1,1,0 },
			{ 0,0,0,0,0,1,0 },
			{ 0,0,0,0,0,1,0 },
			{ 0,0,1,1,1,1,0 }
		}
	},

	//-----------------------숫자4
	{
		{
			{ 1,0,0,0,0,0,1 },
			{ 1,0,0,0,0,0,1 },
			{ 1,0,0,0,0,0,1 },
			{ 1,1,1,1,1,1,1 },
			{ 0,0,0,0,0,0,1 },
			{ 0,0,0,0,0,0,1 },
			{ 0,0,0,0,0,0,1 }
		},
		{
			{ 0,1,0,0,0,1,0 },
			{ 0,1,0,0,0,1,0 },
			{ 0,1,0,0,0,1,0 },
			{ 0,0,1,1,1,1,1 },
			{ 0,0,0,0,0,1,0 },
			{ 0,0,0,0,0,1,0 },
			{ 0,0,0,0,0,1,0 }
		},
		{
			{ 0,1,0,0,1,0,0 },
			{ 0,1,1,1,1,1,1 },
			{ 0,0,0,0,1,0,0 },
			{ 0,0,0,0,1,0,0 },
			{ 0,0,0,0,0,0,0 },
			{ 0,0,0,0,0,0,0 },
			{ 0,0,0,0,0,0,0 }
		},
		{
			{ 0,0,0,0,0,0,0 },
			{ 0,0,0,0,1,1,0 },
			{ 0,0,1,0,1,1,0 },
			{ 0,1,1,1,1,1,1 },
			{ 0,0,0,0,1,1,0 },
			{ 0,0,0,0,1,1,0 },
			{ 0,0,0,0,0,0,0 }
		},
		{
			{ 0,0,0,1,1,0,1 },
			{ 0,0,0,1,1,0,1 },
			{ 0,0,0,1,1,1,1 },
			{ 0,0,0,1,1,1,1 },
			{ 0,0,0,0,0,0,1 },
			{ 0,0,0,0,0,0,1 },
			{ 0,0,0,0,0,0,0 }
		},
		{
			{ 1,0,0,1,0,0,0 },
			{ 1,0,0,1,0,0,0 },
			{ 1,0,0,1,0,0,0 },
			{ 1,1,1,1,1,0,0 },
			{ 1,1,1,1,1,1,0 },
			{ 0,0,0,1,0,0,0 },
			{ 0,0,0,1,0,0,0 }
		},
		{
			{ 0,1,0,0,0,0,0 },
			{ 0,1,0,0,0,1,0 },
			{ 0,1,0,0,0,1,0 },
			{ 0,1,1,1,1,1,0 },
			{ 0,0,0,0,0,1,0 },
			{ 0,0,0,0,0,1,0 },
			{ 0,0,0,0,0,0,0 }
		},
		{
			{ 1,0,1,1,0,0,0 },
			{ 1,0,1,1,0,0,0 },
			{ 1,0,1,1,0,0,0 },
			{ 1,1,1,1,1,1,1 },
			{ 0,0,1,1,0,0,0 },
			{ 0,0,1,1,0,0,0 },
			{ 0,0,1,1,0,0,0 }
		},
		{
			{ 0,0,0,0,0,0,0 },
			{ 0,0,0,0,0,0,0 },
			{ 0,0,0,0,0,0,0 },
			{ 0,0,1,0,1,0,0 },
			{ 0,1,0,0,1,0,0 },
			{ 0,1,1,1,1,1,0 },
			{ 0,0,0,0,1,0,0 }
		},
		{
			{ 0,0,0,0,0,0,0 },
			{ 0,0,0,1,0,0,1 },
			{ 0,0,1,0,0,0,1 },
			{ 0,1,1,1,1,1,1 },
			{ 0,0,0,0,0,0,1 },
			{ 0,0,0,0,0,0,1 },
			{ 0,0,0,0,0,0,1 }
		}
	},

	//-----------------------숫자5
	{
		{
			{ 1,1,1,1,1,1,1 },
			{ 1,0,0,0,0,0,0 },
			{ 1,0,0,0,0,0,0 },
			{ 1,1,1,1,1,1,1 },
			{ 0,0,0,0,0,0,1 },
			{ 0,0,0,0,0,0,1 },
			{ 1,1,1,1,1,1,1 }
		},
		{
			{ 0,0,0,0,0,0,0 },
			{ 0,1,1,1,1,1,0 },
			{ 0,1,0,0,0,0,0 },
			{ 0,1,1,1,1,0,0 },
			{ 0,0,0,0,0,1,0 },
			{ 1,1,1,1,1,1,0 },
			{ 0,0,0,0,0,0,0 }
		},
		{
			{ 0,0,0,0,0,0,0 },
			{ 0,1,1,1,1,0,0 },
			{ 0,1,0,0,0,0,0 },
			{ 0,1,1,0,0,0,0 },
			{ 0,0,0,1,0,0,0 },
			{ 0,0,0,1,0,0,0 },
			{ 0,1,1,1,0,0,0 }
		},
		{
			{ 0,0,0,0,0,1,1 },
			{ 0,0,0,0,1,0,0 },
			{ 0,0,0,0,1,1,0 },
			{ 0,0,0,0,0,0,1 },
			{ 0,0,0,0,0,0,1 },
			{ 0,0,0,0,0,0,1 },
			{ 0,0,0,0,1,1,0 }
		},
		{
			{ 0,0,0,0,0,0,0 },
			{ 0,0,0,1,1,1,0 },
			{ 0,0,1,0,0,0,0 },
			{ 0,0,1,1,1,0,0 },
			{ 0,0,0,0,0,1,0 },
			{ 0,0,0,0,0,1,0 },
			{ 0,0,1,1,1,0,0 }
		},
		{
			{ 0,0,0,0,0,0,0 },
			{ 0,0,1,1,1,1,1 },
			{ 0,1,0,0,0,0,0 },
			{ 0,1,1,1,1,1,0 },
			{ 0,0,0,0,0,0,1 },
			{ 0,0,0,0,0,0,1 },
			{ 1,1,1,1,1,1,0 }
		},
		{
			{ 1,1,1,1,1,1,0 },
			{ 1,0,0,0,0,0,0 },
			{ 1,1,1,0,0,0,0 },
			{ 0,0,0,1,0,0,0 },
			{ 0,0,0,1,0,0,0 },
			{ 0,0,0,1,0,0,0 },
			{ 0,1,1,0,0,0,0 }
		},
		{
			{ 0,0,0,0,0,0,0 },
			{ 0,0,0,0,0,0,0 },
			{ 0,1,1,1,1,1,0 },
			{ 0,1,0,0,0,0,0 },
			{ 0,1,1,1,1,1,0 },
			{ 0,0,0,0,0,0,1 },
			{ 0,1,1,1,1,1,0 }
		},
		{
			{ 0,0,0,0,0,0,0 },
			{ 0,0,0,0,0,0,0 },
			{ 0,1,1,1,1,1,1 },
			{ 1,0,0,0,0,0,0 },
			{ 1,1,1,0,0,0,0 },
			{ 0,0,0,1,0,0,0 },
			{ 1,1,1,0,0,0,0 }
		},
		{
			{ 0,0,1,1,1,0,0 },
			{ 0,0,1,0,0,0,0 },
			{ 0,0,0,1,0,0,0 },
			{ 0,0,0,0,1,0,0 },
			{ 0,0,0,0,1,0,0 },
			{ 0,0,0,0,1,0,0 },
			{ 1,1,1,1,0,0,0 }
		}
	},

	//-----------------------숫자6
	{
		{
			{ 1,0,0,0,0,0,0 },
			{ 1,0,0,0,0,0,0 },
			{ 1,0,0,0,0,0,0 },
			{ 1,1,1,1,1,1,1 },
			{ 1,0,0,0,0,0,1 },
			{ 1,0,0,0,0,0,1 },
			{ 1,1,1,1,1,1,1 }
		},
		{
			{ 0,1,1,1,1,0,0 },
			{ 0,1,0,0,0,0,0 },
			{ 0,1,0,0,0,0,0 },
			{ 0,1,1,1,1,0,0 },
			{ 0,1,0,0,1,0,0 },
			{ 0,1,1,1,1,0,0 },
			{ 0,0,0,0,0,0,0 }
		},
		{
			{ 0,0,1,0,0,0,0 },
			{ 0,0,1,0,0,0,0 },
			{ 0,0,1,1,1,0,0 },
			{ 0,0,1,0,0,1,0 },
			{ 0,0,1,1,1,0,0 },
			{ 0,0,0,0,0,0,0 },
			{ 0,0,0,0,0,0,0 }
		},
		{
			{ 0,0,0,0,0,0,0 },
			{ 1,1,1,1,1,1,1 },
			{ 1,0,0,0,0,0,0 },
			{ 1,1,1,1,1,0,0 },
			{ 1,0,0,0,0,1,0 },
			{ 1,1,1,1,1,1,0 },
			{ 0,0,0,0,0,0,0 }
		},
		{
			{ 1,0,0,0,0,0,0 },
			{ 1,0,0,0,0,0,0 },
			{ 1,1,0,0,0,0,0 },
			{ 1,0,1,0,0,0,0 },
			{ 1,0,1,0,0,0,0 },
			{ 1,1,1,0,0,0,0 },
			{ 0,0,0,0,0,0,0 }
		},
		{
			{ 0,0,0,0,0,0,0 },
			{ 0,0,1,1,1,1,1 },
			{ 0,0,1,1,1,1,1 },
			{ 0,0,1,1,0,0,0 },
			{ 0,0,1,1,1,1,0 },
			{ 0,0,1,1,0,0,1 },
			{ 0,0,1,1,1,1,1 }
		},
		{
			{ 0,0,0,0,0,0,0 },
			{ 0,1,0,0,0,0,0 },
			{ 0,1,0,0,0,0,0 },
			{ 0,1,0,0,0,0,0 },
			{ 0,1,1,1,0,0,0 },
			{ 0,1,0,1,0,0,0 },
			{ 0,1,1,0,0,0,0 }
		},
		{
			{ 0,0,0,0,0,0,0 },
			{ 0,1,1,1,1,1,1 },
			{ 1,0,0,0,0,0,0 },
			{ 1,0,0,0,0,0,0 },
			{ 1,1,1,1,1,1,0 },
			{ 1,0,0,0,0,0,1 },
			{ 0,1,1,1,1,1,0 }
		},
		{
			{ 0,0,0,1,0,0,0 },
			{ 0,0,0,1,0,0,0 },
			{ 0,0,0,1,1,1,0 },
			{ 0,0,0,1,0,1,0 },
			{ 0,0,0,0,1,1,0 },
			{ 0,0,0,0,0,0,0 },
			{ 0,0,0,0,0,0,0 }
		},
		{
			{ 1,1,1,1,1,1,1 },
			{ 1,0,0,0,0,0,0 },
			{ 1,1,1,1,1,0,0 },
			{ 1,0,0,0,1,0,0 },
			{ 0,1,1,1,1,0,0 },
			{ 0,0,0,0,0,0,0 },
			{ 0,0,0,0,0,0,0 }
		}
	},

	//-----------------------숫자7
	{
		{
			{ 1,1,1,1,1,1,1 },
			{ 1,1,1,1,1,1,1 },
			{ 0,0,0,0,0,0,1 },
			{ 0,0,0,0,0,0,1 },
			{ 0,0,0,0,0,0,1 },
			{ 0,0,0,0,0,0,1 },
			{ 0,0,0,0,0,0,1 }
		},
		{
			{ 0,0,0,0,0,0,0 },
			{ 0,1,1,1,1,0,0 },
			{ 0,1,0,0,1,0,0 },
			{ 0,1,0,0,1,0,0 },
			{ 0,0,0,0,1,0,0 },
			{ 0,0,0,0,1,0,0 },
			{ 0,0,0,0,1,0,0 }
		},
		{
			{ 0,0,0,0,0,0,0 },
			{ 0,1,1,1,0,0,0 },
			{ 0,0,0,1,0,0,0 },
			{ 0,0,0,1,0,0,0 },
			{ 0,0,0,0,0,0,0 },
			{ 0,0,0,0,0,0,0 },
			{ 0,0,0,0,0,0,0 }
		},
		{
			{ 0,0,0,0,1,1,1 },
			{ 0,0,0,0,1,0,1 },
			{ 0,0,0,0,1,0,1 },
			{ 0,0,0,0,0,0,1 },
			{ 0,0,0,0,0,0,1 },
			{ 0,0,0,0,0,0,1 },
			{ 0,0,0,0,0,0,1 }
		},
		{
			{ 0,0,0,0,0,0,0 },
			{ 1,1,1,1,0,0,0 },
			{ 1,1,1,1,1,0,0 },
			{ 0,0,0,1,1,0,0 },
			{ 0,0,0,1,1,0,0 },
			{ 0,0,0,1,1,0,0 },
			{ 0,0,0,0,0,0,0 }
		},
		{
			{ 1,1,1,0,0,0,0 },
			{ 1,0,0,1,0,0,0 },
			{ 1,0,0,1,0,0,0 },
			{ 0,0,0,1,0,0,0 },
			{ 0,0,0,1,0,0,0 },
			{ 0,0,0,1,0,0,0 },
			{ 0,0,0,1,0,0,0 }
		},
		{
			{ 0,0,0,0,0,0,0 },
			{ 1,1,1,0,0,0,0 },
			{ 0,0,1,0,0,0,0 },
			{ 0,0,1,0,0,0,0 },
			{ 0,0,1,0,0,0,0 },
			{ 0,0,1,0,0,0,0 },
			{ 0,0,0,0,0,0,0 }
		},
		{
			{ 0,0,0,0,0,0,0 },
			{ 0,0,0,0,0,0,0 },
			{ 0,0,0,0,0,0,0 },
			{ 0,0,0,0,0,0,0 },
			{ 0,1,1,1,1,1,1 },
			{ 0,0,0,0,0,0,1 },
			{ 0,0,0,0,0,0,1 }
		},
		{
			{ 0,0,0,0,0,0,0 },
			{ 0,1,1,1,1,1,0 },
			{ 0,0,0,0,0,1,0 },
			{ 0,0,0,0,1,0,0 },
			{ 0,0,0,1,0,0,0 },
			{ 0,0,1,0,0,0,0 },
			{ 0,1,0,0,0,0,0 }
		},
		{
			{ 1,1,1,1,0,0,0 },
			{ 1,0,0,1,0,0,0 },
			{ 0,0,1,0,0,0,0 },
			{ 0,0,1,0,0,0,0 },
			{ 0,1,0,0,0,0,0 },
			{ 1,0,0,0,0,0,0 },
			{ 0,0,0,0,0,0,0 }
		}
	},

	//-----------------------숫자8
	{
		{
			{ 1,1,1,1,1,1,1 },
			{ 1,0,0,0,0,0,1 },
			{ 1,0,0,0,0,0,1 },
			{ 1,1,1,1,1,1,1 },
			{ 1,0,0,0,0,0,1 },
			{ 1,0,0,0,0,0,1 },
			{ 1,1,1,1,1,1,1 }
		},
		{
			{ 0,0,1,1,1,0,0 },
			{ 0,1,0,0,0,1,0 },
			{ 0,1,0,0,0,1,0 },
			{ 0,0,1,1,1,0,0 },
			{ 0,1,0,0,0,1,0 },
			{ 0,1,0,0,0,1,0 },
			{ 0,0,1,1,1,1,0 }
		},
		{
			{ 0,0,0,0,0,0,0 },
			{ 0,1,1,1,1,1,0 },
			{ 1,0,0,0,0,0,1 },
			{ 1,0,0,0,0,0,1 },
			{ 1,1,1,1,1,1,1 },
			{ 1,0,0,0,0,0,1 },
			{ 0,1,1,1,1,1,0 }
		},
		{
			{ 0,0,0,0,0,0,0 },
			{ 0,0,1,1,1,0,0 },
			{ 0,1,0,0,0,1,0 },
			{ 0,0,1,1,1,0,0 },
			{ 0,1,0,0,0,1,0 },
			{ 0,0,1,1,1,0,0 },
			{ 0,0,0,0,0,0,0 }
		},
		{
			{ 0,0,1,1,1,1,1 },
			{ 0,0,1,1,0,0,1 },
			{ 0,0,1,1,1,1,1 },
			{ 0,0,1,1,0,0,1 },
			{ 0,0,1,1,1,1,1 },
			{ 0,0,0,0,0,0,0 },
			{ 0,0,0,0,0,0,0 }
		},
		{
			{ 0,0,0,0,0,0,0 },
			{ 0,0,0,0,0,0,0 },
			{ 0,1,1,0,0,0,0 },
			{ 1,0,0,1,0,0,0 },
			{ 0,1,1,0,0,0,0 },
			{ 1,0,0,1,0,0,0 },
			{ 0,1,1,0,0,0,0 }
		},
		{
			{ 0,1,1,1,1,1,1 },
			{ 0,1,1,0,0,1,1 },
			{ 0,1,1,0,0,1,1 },
			{ 0,1,1,1,1,1,1 },
			{ 0,1,1,0,0,1,1 },
			{ 0,1,1,0,0,1,1 },
			{ 0,1,1,1,1,1,1 }
		},
		{
			{ 0,0,0,0,0,0,0 },
			{ 0,0,1,1,1,1,1 },
			{ 0,1,0,0,0,0,1 },
			{ 0,1,1,1,1,1,1 },
			{ 0,1,0,0,0,0,1 },
			{ 0,0,1,1,1,1,1 },
			{ 0,0,0,0,0,0,0 }
		},
		{
			{ 0,0,1,0,0,0,0 },
			{ 0,1,0,1,0,0,0 },
			{ 0,0,1,0,0,0,0 },
			{ 0,1,0,1,0,0,0 },
			{ 0,0,1,0,0,0,0 },
			{ 0,0,0,0,0,0,0 },
			{ 0,0,0,0,0,0,0 }
		},
		{
			{ 0,1,1,1,1,1,0 },
			{ 1,0,0,0,0,1,0 },
			{ 1,0,0,0,0,1,0 },
			{ 1,1,1,1,1,1,0 },
			{ 1,0,0,0,0,1,0 },
			{ 0,1,1,1,1,0,0 },
			{ 0,0,0,0,0,0,0 }
		}
	},

	//-----------------------숫자9
	{
		{
			{ 0,1,1,1,1,1,0 },
			{ 1,0,0,0,0,0,1 },
			{ 1,0,0,0,0,0,1 },
			{ 0,1,1,1,1,1,1 },
			{ 0,0,0,0,0,0,1 },
			{ 0,0,0,0,0,0,1 },
			{ 0,0,0,0,0,0,1 }
		},
		{
			{ 0,0,0,0,0,0,0 },
			{ 0,0,0,1,1,1,0 },
			{ 0,0,0,1,0,1,0 },
			{ 0,0,0,1,1,1,0 },
			{ 0,0,0,0,0,1,0 },
			{ 0,0,0,1,1,1,0 },
			{ 0,0,0,0,0,0,0 }
		},
		{
			{ 0,0,0,0,0,0,0 },
			{ 0,0,1,1,0,0,0 },
			{ 0,1,0,0,1,0,0 },
			{ 0,1,0,0,1,0,0 },
			{ 0,0,1,1,1,0,0 },
			{ 0,0,0,0,1,0,0 },
			{ 0,1,1,1,1,0,0 }
		},
		{
			{ 0,0,0,0,0,1,0 },
			{ 0,0,0,0,1,0,1 },
			{ 0,0,0,0,1,1,1 },
			{ 0,0,0,0,0,0,1 },
			{ 0,0,0,0,0,0,1 },
			{ 0,0,0,0,0,0,1 },
			{ 0,0,0,0,0,0,1 }
		},
		{
			{ 0,0,0,1,1,1,0 },
			{ 0,0,1,0,0,1,0 },
			{ 0,0,1,0,0,1,0 },
			{ 0,0,0,1,1,1,0 },
			{ 0,0,0,0,0,1,0 },
			{ 0,0,0,0,0,1,0 },
			{ 0,0,0,0,0,0,0 }
		},
		{
			{ 0,0,1,1,0,0,0 },
			{ 0,1,0,0,1,0,0 },
			{ 0,1,0,0,1,0,0 },
			{ 0,1,1,1,1,0,0 },
			{ 0,0,0,0,1,0,0 },
			{ 0,1,1,1,1,0,0 },
			{ 0,0,0,0,0,0,0 }
		},
		{
			{ 0,1,1,1,1,1,0 },
			{ 0,1,0,0,0,0,1 },
			{ 0,0,1,1,1,1,1 },
			{ 0,0,1,1,1,1,1 },
			{ 0,0,0,0,0,0,1 },
			{ 0,0,0,0,0,0,1 },
			{ 0,0,0,0,0,0,0 }
		},
		{
			{ 0,0,0,0,0,0,0 },
			{ 1,1,1,1,0,0,0 },
			{ 1,0,1,1,0,0,0 },
			{ 1,1,1,1,0,0,0 },
			{ 0,0,1,1,0,0,0 },
			{ 0,0,1,1,0,0,0 },
			{ 1,1,1,1,0,0,0 }
		},
		{
			{ 0,0,0,0,0,0,0 },
			{ 0,0,0,0,0,0,0 },
			{ 0,0,1,1,0,0,0 },
			{ 0,1,0,0,1,0,0 },
			{ 0,0,1,1,1,0,0 },
			{ 0,0,0,0,1,0,0 },
			{ 0,1,1,1,1,0,0 }
		},
		{
			{ 0,0,0,0,0,0,0 },
			{ 0,0,0,0,0,0,0 },
			{ 0,1,1,1,1,1,0 },
			{ 0,1,0,0,0,0,1 },
			{ 0,1,1,1,1,1,1 },
			{ 0,0,0,0,0,0,1 },
			{ 0,0,0,0,0,0,1 }
		}
	}
};