int n[10][10][7][7] = {
   {
      { //숫자0
{ 1,1,1,1,1,1,1 },
{ 1,0,0,0,0,0,1 },
{ 1,0,0,0,0,0,1 },
{ 1,0,0,0,0,0,1 },
{ 1,0,0,0,0,0,1 },
{ 1,0,0,0,0,0,1 },
{ 1,1,1,1,1,1,1 }
      },
      { { 0,0,0,0,0,0,0 },
      { 0,1,1,1,1,1,0 },
      { 0,1,0,0,0,1,0 },
      { 0,1,0,0,0,1,0 },
      { 0,1,0,0,0,1,0 },
      { 0,1,1,1,1,1,0 },
      { 0,0,0,0,0,0,0 }
      },
      {
         { 0,0,0,0,0,0,0 },
         { 0,0,0,0,0,0,0 },
         { 0,0,1,1,1,0,0 },
         { 0,0,1,0,1,0,0 },
         { 0,0,1,0,1,0,0 },
         { 0,0,1,1,1,0,0 },
         { 0,0,0,0,0,0,0 }
      },
      {
         { 0,0,0,0,0,0,0 },
         { 0,0,0,0,0,0,0 },
         { 0,0,1,1,1,0,0 },
         { 0,1,0,0,0,1,0 },
         { 0,1,0,0,0,1,0 },
         { 0,1,0,0,0,1,0 },
         { 0,0,1,1,1,0,0 }
      },
      {
         { 0,0,0,0,0,0,0 },
         { 0,0,0,0,0,0,0 },
         { 0,1,1,1,1,1,0 },
         { 1,0,0,0,0,0,1 },
         { 1,0,0,0,0,0,1 },
         { 0,1,1,1,1,1,0 },
         { 0,0,0,0,0,0,0 }
      },
      {
         { 0,0,0,1,0,0,0 },
         { 0,0,1,0,1,0,0 },
         { 0,1,0,0,0,1,0 },
         { 0,1,0,0,0,1,0 },
         { 0,1,0,0,0,1,0 },
         { 0,0,1,0,1,0,0 },
         { 0,0,0,1,0,0,0 }
      },
      {
         { 1,1,1,1,1,1,1 },
         { 1,1,1,1,1,1,1 },
         { 1,1,0,0,0,1,1 },
         { 1,1,0,0,0,1,1 },
         { 1,1,0,0,0,1,1 },
         { 1,1,1,1,1,1,1 },
         { 1,1,1,1,1,1,1 }
      },
      {
         { 0,0,0,0,0,0,0 },
         { 0,0,1,1,1,0,0 },
         { 0,1,0,0,0,1,0 },
         { 0,1,0,0,0,1,0 },
         { 0,1,0,0,0,1,0 },
         { 0,0,1,0,1,0,0 },
         { 0,0,0,1,0,0,0 }
      },
      {
         { 0,0,1,1,1,1,1 },
         { 0,0,1,0,0,0,1 },
         { 0,0,1,0,0,0,1 },
         { 0,0,1,1,1,1,1 },
         { 0,0,0,0,0,0,0 },
         { 0,0,0,0,0,0,0 },
         { 0,0,0,0,0,0,0 }
      },
      {
         { 0,1,1,1,1,1,0 },
         { 1,0,0,0,0,0,1 },
         { 1,0,0,0,0,0,1 },
         { 1,0,0,0,0,0,1 },
         { 1,0,0,0,0,0,1 },
         { 0,1,0,0,0,1,0 },
         { 0,1,1,1,1,1,0 }
      }
   },
   {
      {//숫자1
         { 0,0,0,1,0,0,0 },
         { 0,0,0,1,0,0,0 },
         { 0,0,0,1,0,0,0 },
         { 0,0,0,1,0,0,0 },
         { 0,0,0,1,0,0,0 },
         { 0,0,0,1,0,0,0 },
         { 0,0,0,1,0,0,0 }
      },
      {
         { 0,0,0,1,1,0,0 },
         { 0,0,0,1,1,0,0 },
         { 0,0,0,1,1,0,0 },
         { 0,0,0,1,1,0,0 },
         { 0,0,0,1,1,0,0 },
         { 0,0,0,1,1,0,0 },
         { 0,0,0,1,1,0,0 }
      },
      {
         { 0,0,0,0,0,0,0 },
         { 0,0,0,0,1,0,0 },
         { 0,0,0,0,1,0,0 },
         { 0,0,0,0,1,0,0 },
         { 0,0,0,0,0,1,0 },
         { 0,0,0,0,0,0,0 },
         { 0,0,0,0,0,0,0 }
      },
      {
         { 0,0,0,0,0,0,0 },
         { 0,0,0,0,0,0,0 },
         { 0,0,1,0,0,0,0 },
         { 0,0,0,1,0,0,0 },
         { 0,0,0,1,0,0,0 },
         { 0,0,0,1,0,0,0 },
         { 0,0,0,1,0,0,0 }
      },
      {
         { 0,0,0,0,0,0,0 },
         { 0,0,0,0,1,0,0 },
         { 0,0,0,0,0,1,0 },
         { 0,0,0,0,1,0,0 },
         { 0,0,0,0,1,0,0 },
         { 0,0,0,0,1,0,0 },
         { 0,0,0,0,1,0,0 }
      },
      {
         { 0,0,0,0,0,0,0 },
         { 0,0,0,0,1,0,0 },
         { 0,0,0,0,1,0,0 },
         { 0,0,0,1,0,0,0 },
         { 0,0,0,0,1,0,0 },
         { 0,0,0,0,1,0,0 },
         { 0,0,0,0,1,0,0 }
      },
      {
         { 0,0,0,0,0,0,0 },
         { 0,0,0,0,0,0,0 },
         { 0,0,1,0,0,0,0 },
         { 0,0,1,0,0,0,0 },
         { 0,0,1,0,0,0,0 },
         { 0,0,0,0,0,0,0 },
         { 0,0,0,0,0,0,0 }
      },
      {
         { 0,0,0,0,0,0,0 },
         { 0,0,0,0,0,0,0 },
         { 0,1,0,0,0,0,0 },
         { 0,0,1,0,0,0,0 },
         { 0,1,0,0,0,0,0 },
         { 0,1,0,0,0,0,0 },
         { 0,1,0,0,0,0,0 }
      },
      {
         { 0,0,0,0,0,1,0 },
         { 0,0,0,0,0,1,0 },
         { 0,0,0,0,0,1,0 },
         { 0,0,0,0,1,0,0 },
         { 0,0,0,0,1,0,0 },
         { 0,0,0,0,0,0,0 },
         { 0,0,0,0,0,0,0 }
      },
      {
         { 0,1,0,0,0,0,0 },
         { 0,1,0,0,0,0,0 },
         { 0,0,1,0,0,0,0 },
         { 0,0,1,0,0,0,0 },
         { 0,0,1,0,0,0,0 },
         { 0,0,0,0,0,0,0 },
         { 0,0,0,0,0,0,0 }
      }
   },
   {
      { 
      { 1,1,1,1,1,1,1 },
      { 1,1,1,1,1,1,1 },
      { 0,0,0,0,0,0,1 },
      { 1,1,1,1,1,1,1 },
      { 1,0,0,0,0,0,0 },
      { 1,0,0,0,0,0,0 },
      { 1,1,1,1,1,1,1 }
      },

      {
         { 0,0,0,0,0,0,0 },
         { 0,1,1,1,0,0,0 },
         { 0,0,0,0,1,0,0 },
         { 0,0,0,0,1,0,0 },
         { 0,0,0,1,0,0,0 },
         { 0,0,1,0,0,0,0 },
         { 0,1,1,1,1,1,0 }
      },
      {
         { 1,1,1,1,1,1,1 },
         { 0,0,0,0,0,1,0 },
         { 0,0,0,0,1,0,0 },
         { 0,0,0,1,0,0,0 },
         { 0,0,1,0,0,0,0 },
         { 0,1,0,0,0,0,0 },
         { 1,1,1,1,1,1,1 }
      },
      {
         { 0,1,1,1,1,0,0 },
         { 0,1,0,0,1,0,0 },
         { 0,1,0,0,1,0,0 },
         { 0,0,0,0,1,0,0 },
         { 0,0,0,1,0,0,0 },
         { 0,0,1,0,0,0,0 },
         { 0,1,1,1,1,1,0 }
      },
      {
         { 0,0,1,1,0,0,0 },
         { 0,1,0,0,1,0,0 },
         { 0,0,0,0,1,0,0 },
         { 0,0,1,1,0,0,0 },
         { 0,1,0,0,0,0,0 },
         { 0,1,0,0,0,0,0 },
         { 0,1,1,1,1,1,0 }
      },
      {
         { 0,0,0,0,0,0,0 },
         { 0,1,1,1,1,1,0 },
         { 0,0,0,0,0,1,0 },
         { 0,0,0,0,1,0,0 },
         { 0,0,0,1,0,0,0 },
         { 0,0,1,1,1,1,0 },
         { 0,0,0,0,0,0,0 }
      },
      {
         { 0,0,0,1,1,0,0 },
         { 0,0,1,0,0,1,0 },
         { 0,1,0,0,1,0,0 },
         { 0,0,0,1,0,0,0 },
         { 0,0,1,0,0,0,0 },
         { 0,1,1,1,1,1,0 },
         { 0,0,0,0,0,0,0 }
      },
      {
         { 0,0,0,0,0,0,0 },
         { 0,0,1,1,1,0,0 },
         { 0,0,1,0,1,0,0 },
         { 0,0,0,0,1,0,0 },
         { 0,0,0,1,1,0,0 },
         { 0,0,0,1,0,0,0 },
         { 0,0,1,1,1,1,0 }
      },
      {
         { 0,0,0,0,0,0,0 },
         { 1,1,1,0,0,0,0 },
         { 0,0,0,1,0,0,0 },
         { 0,0,1,0,0,0,0 },
         { 0,1,0,0,0,0,0 },
         { 1,0,0,0,0,0,0 },
         { 1,1,1,1,0,0,0 }
      },
      {
         { 0,0,0,0,0,0,0 },
         { 0,0,0,0,0,0,0 },
         { 0,1,1,1,0,0,0 },
         { 0,0,0,0,1,0,0 },
         { 0,0,1,1,0,0,0 },
         { 0,1,0,0,0,0,0 },
         { 1,1,1,1,1,1,0 }
      }
   },
   {
      {//숫자3
         { 1,1,1,1,1,1,1 },
         { 0,0,0,0,0,0,1 },
         { 0,0,0,0,0,0,1 },
         { 1,1,1,1,1,1,1 },
         { 0,0,0,0,0,0,1 },
         { 0,0,0,0,0,0,1 },
         { 1,1,1,1,1,1,1 }
      },
      {
         { 0,0,1,1,1,0,0 },
         { 0,0,0,0,1,0,0 },
         { 0,0,0,0,1,0,0 },
         { 0,0,1,1,1,0,0 },
         { 0,0,0,0,1,0,0 },
         { 0,0,1,1,1,0,0 },
         { 0,0,0,0,0,0,0 }
      },
      {
         { 0,1,1,1,0,0,0 },
         { 0,0,0,0,1,0,0 },
         { 0,0,0,0,1,0,0 },
         { 0,0,1,1,0,0,0 },
         { 0,0,0,0,1,0,0 },
         { 0,0,0,0,1,0,0 },
         { 0,1,1,1,0,0,0 }
      },
      {
         { 0,0,0,1,1,0,0 },
         { 0,0,1,0,0,1,0 },
         { 0,1,0,0,0,1,0 },
         { 0,0,0,1,1,0,0 },
         { 0,0,0,0,0,1,0 },
         { 0,0,0,1,1,0,0 },
         { 0,0,0,0,0,0,0 }
      },
      {
         { 0,1,1,0,0,0,0 },
         { 1,0,0,1,0,0,0 },
         { 0,0,0,1,0,0,0 },
         { 0,1,1,0,0,0,0 },
         { 0,0,0,1,0,0,0 },
         { 0,1,0,1,0,0,0 },
         { 0,0,1,0,0,0,0 }
      },
      {
         { 0,0,0,0,1,0,0 },
         { 0,0,0,1,0,1,0 },
         { 0,0,1,0,0,0,1 },
         { 0,0,0,0,0,1,0 },
         { 0,0,0,0,1,0,0 },
         { 0,0,1,0,0,1,0 },
         { 0,0,0,1,1,1,0 }
      },
      {
         { 0,0,0,1,0,0,0 },
         { 0,0,1,0,1,0,0 },
         { 0,0,0,0,1,0,0 },
         { 0,0,1,1,0,0,0 },
         { 0,0,0,0,1,0,0 },
         { 0,1,1,1,0,0,0 },
         { 0,0,0,0,0,0,0 }
      },
      {
         { 0,1,1,1,1,0,0 },
         { 0,0,0,0,0,1,0 },
         { 0,1,1,1,1,0,0 },
         { 0,0,0,0,0,1,0 },
         { 0,0,0,0,0,1,0 },
         { 1,0,0,0,0,1,0 },
         { 0,1,1,1,1,0,0 }
      },
      {
         { 0,0,1,1,1,1,0 },
         { 0,0,0,0,0,1,0 },
         { 0,0,0,0,0,1,0 },
         { 0,0,1,1,1,0,0 },
         { 0,0,0,0,1,0,0 },
         { 0,1,0,0,1,0,0 },
         { 0,0,1,1,0,0,0 }
      },
      {
         { 0,1,1,1,1,1,0 },
         { 0,0,0,0,1,0,0 },
         { 0,0,0,1,0,0,0 },
         { 0,1,1,1,1,0,0 },
         { 0,0,0,0,1,0,0 },
         { 0,0,0,0,1,0,0 },
         { 0,0,1,1,0,0,0 }
      }
   },
   {
      {//숫자4
         { 0,1,0,0,0,1,0 },
         { 0,1,0,0,0,1,0 },
         { 0,1,0,0,0,1,0 },
         { 0,1,0,0,0,1,0 },
         { 0,1,1,1,1,1,1 },
         { 0,0,0,0,0,1,0 },
         { 0,0,0,0,0,1,0 }
      },
      {
         { 1,0,0,0,1,0,0 },
         { 1,0,0,0,1,0,0 },
         { 1,0,0,0,1,0,0 },
         { 1,0,0,0,1,0,0 },
         { 1,1,1,1,1,1,1 },
         { 0,0,0,0,1,0,0 },
         { 0,0,0,0,1,0,0 }
      },
      {
         { 0,0,0,0,0,0,0 },
         { 0,0,1,0,0,1,0 },
         { 0,0,1,0,0,1,0 },
         { 0,0,1,0,0,1,1 },
         { 0,0,0,1,1,1,0 },
         { 0,0,0,0,0,1,0 },
         { 0,0,0,0,0,1,0 }
      },
      {
         { 0,0,0,1,0,1,0 },
         { 0,0,0,1,0,1,0 },
         { 0,0,0,1,1,1,1 },
         { 0,0,0,0,0,1,0 },
         { 0,0,0,0,0,1,0 },
         { 0,0,0,0,0,0,0 },
         { 0,0,0,0,0,0,0 }
      },
      {
         { 0,0,0,0,0,0,0 },
         { 0,0,0,0,0,0,0 },
         { 0,0,0,1,0,0,0 },
         { 0,1,0,1,0,0,0 },
         { 0,1,1,1,1,0,0 },
         { 0,0,0,1,0,0,0 },
         { 0,0,0,1,0,0,0 }
      },
      {
         { 0,0,0,0,0,0,0 },
         { 0,1,0,1,0,0,0 },
         { 0,1,0,1,0,0,0 },
         { 0,1,1,1,1,1,0 },
         { 0,0,0,1,0,0,0 },
         { 0,0,0,1,0,0,0 },
         { 0,0,0,1,0,0,0 }
      },
      {
         { 0,0,0,1,0,0,0 },
         { 0,0,0,1,0,1,0 },
         { 0,0,0,1,0,1,0 },
         { 0,0,1,1,1,1,1 },
         { 0,0,0,0,0,1,0 },
         { 0,0,0,0,0,1,0 },
         { 0,0,0,0,0,1,0 }
      },
      {
         { 1,0,0,1,0,0,0 },
         { 1,0,0,1,0,0,0 },
         { 1,1,1,1,1,1,0 },
         { 0,0,0,1,0,0,0 },
         { 0,0,0,1,0,0,0 },
         { 0,0,0,1,0,0,0 },
         { 0,0,0,1,0,0,0 }
      },
      {
         { 0,0,0,0,0,0,0 },
         { 0,1,0,0,1,0,0 },
         { 0,1,0,0,1,0,0 },
         { 1,1,1,1,1,1,1 },
         { 0,0,0,0,1,0,0 },
         { 0,0,0,0,1,0,0 },
         { 0,0,0,0,0,0,0 }
      },
      {
         { 0,0,0,0,0,0,0 },
         { 0,0,1,0,1,0,0 },
         { 0,0,1,0,1,0,0 },
         { 0,0,1,0,1,0,0 },
         { 0,0,1,1,1,1,0 },
         { 0,0,0,0,1,0,0 },
         { 0,0,0,0,1,0,0 }
      }
   },
   {
      {//숫자5
         { 1,1,1,1,1,1,1 },
         { 1,0,0,0,0,0,0 },
         { 1,0,0,0,0,0,0 },
         { 1,1,1,1,1,1,1 },
         { 0,0,0,0,0,0,1 },
         { 0,0,0,0,0,0,1 },
         { 1,1,1,1,1,1,1 }
      },
      {
         { 0,0,0,0,0,0,0 },
         { 0,1,1,1,1,1,0 },
         { 0,1,0,0,0,0,0 },
         { 0,1,1,1,1,0,0 },
         { 0,0,0,0,1,0,0 },
         { 0,0,1,1,1,0,0 },
         { 0,0,0,0,0,0,0 }
      },
      {
         { 0,0,0,0,0,0,0 },
         { 0,0,0,0,0,0,0 },
         { 0,0,1,1,1,0,0 },
         { 0,0,1,0,0,0,0 },
         { 0,0,1,1,1,0,0 },
         { 0,0,0,0,1,0,0 },
         { 0,1,1,1,1,0,0 }
      },
      {
         { 0,0,0,0,0,0,0 },
         { 0,0,0,1,1,1,1 },
         { 0,0,1,0,0,0,0 },
         { 0,1,0,0,0,0,0 },
         { 1,1,1,1,1,0,0 },
         { 0,0,0,0,0,1,0 },
         { 0,1,1,1,1,0,0 }
      },
      {
         { 0,0,0,0,0,0,0 },
         { 0,0,1,1,1,1,0 },
         { 0,0,1,0,0,0,0 },
         { 0,0,1,0,0,0,0 },
         { 0,0,0,1,0,0,0 },
         { 0,1,0,0,1,0,0 },
         { 0,0,1,1,1,0,0 }
      },
      {
         { 0,0,0,0,0,0,0 },
         { 1,1,1,1,0,0,0 },
         { 1,0,0,0,0,0,0 },
         { 1,1,0,0,0,0,0 },
         { 0,0,1,0,0,0,0 },
         { 0,0,1,0,0,0,0 },
         { 1,1,0,0,0,0,0 }
      },
      {
         { 0,0,1,0,0,0,0 },
         { 0,1,1,1,1,1,0 },
         { 0,0,1,0,0,0,0 },
         { 0,0,1,1,1,0,0 },
         { 0,0,0,0,1,0,0 },
         { 0,0,0,0,1,0,0 },
         { 0,1,1,1,1,0,0 }
      },
      {
         { 0,1,1,1,1,1,1 },
         { 0,1,0,0,0,0,0 },
         { 0,1,0,0,0,0,0 },
         { 0,1,1,1,1,1,0 },
         { 0,0,0,0,1,0,0 },
         { 1,0,0,0,1,0,0 },
         { 0,1,1,1,1,0,0 }
      },
      {
         { 0,0,1,0,0,0,0 },
         { 0,0,1,1,1,1,1 },
         { 0,0,1,0,0,0,0 },
         { 0,0,1,0,0,0,0 },
         { 0,0,0,1,1,1,1 },
         { 0,1,0,0,0,0,1 },
         { 0,0,1,1,1,1,0 }
      },
      {
         { 0,1,0,0,0,0,0 },
         { 1,1,1,1,1,0,0 },
         { 0,1,0,0,0,1,0 },
         { 0,1,1,1,0,0,0 },
         { 0,0,0,1,0,0,0 },
         { 0,0,0,1,0,0,0 },
         { 0,1,1,1,0,0,0 }
      }
   },
   {
      {//숫자6
         { 1,1,1,1,1,1,1 },
         { 1,0,0,0,0,0,0 },
         { 1,0,0,0,0,0,0 },
         { 1,1,1,1,1,1,1 },
         { 1,0,0,0,0,0,1 },
         { 1,0,0,0,0,0,1 },
         { 1,1,1,1,1,1,1 }
      },
      {
         { 0,0,0,1,1,1,0 },
         { 0,0,0,1,0,0,0 },
         { 0,0,0,1,1,1,0 },
         { 0,0,0,1,0,1,0 },
         { 0,0,0,1,0,1,0 },
         { 0,0,0,1,1,1,0 },
         { 0,0,0,0,0,0,0 }
      },
      {
         { 1,1,1,0,0,0,0 },
         { 1,0,0,0,0,0,0 },
         { 1,0,0,0,0,0,0 },
         { 1,0,0,0,0,0,0 },
         { 1,1,1,1,1,1,1 },
         { 1,0,1,0,0,0,1 },
         { 1,1,1,1,1,1,1 }
      },
      {
         { 0,0,0,0,0,0,0 },
         { 0,0,0,0,0,0,0 },
         { 1,1,1,0,0,0,0 },
         { 1,0,0,0,0,0,0 },
         { 1,1,1,0,0,0,0 },
         { 1,0,0,1,0,0,0 },
         { 1,1,1,0,0,0,0 }
      },
      {
         { 0,0,0,1,1,1,0 },
         { 0,0,1,0,0,0,0 },
         { 0,0,1,0,0,0,0 },
         { 0,0,1,1,1,0,0 },
         { 0,0,1,0,0,1,0 },
         { 0,0,1,0,0,1,0 },
         { 0,0,0,1,1,0,0 }
      },
      {
         { 0,0,0,0,0,0,0 },
         { 0,0,0,1,1,0,0 },
         { 0,0,1,0,0,1,0 },
         { 0,1,0,0,0,0,0 },
         { 0,1,1,1,1,0,0 },
         { 0,1,0,0,0,1,0 },
         { 0,0,1,1,1,0,0 }
      },
      {
         { 0,0,0,0,0,0,0 },
         { 0,0,0,0,1,1,0 },
         { 0,0,0,1,0,0,0 },
         { 0,0,1,1,1,1,0 },
         { 0,0,1,0,0,0,1 },
         { 0,0,1,0,0,0,1 },
         { 0,0,0,1,1,1,0 }
      },
      {
         { 0,1,1,1,1,0,0 },
         { 1,0,0,0,0,0,0 },
         { 1,1,1,1,0,0,0 },
         { 1,0,0,0,1,0,0 },
         { 1,1,0,0,1,0,0 },
         { 0,0,1,1,0,0,0 },
         { 0,0,0,0,0,0,0 }
      },
      {
         { 0,0,0,0,0,0,0 },
         { 0,0,0,0,1,1,1 },
         { 0,0,0,1,0,0,0 },
         { 0,0,0,1,0,0,0 },
         { 0,0,0,1,1,1,0 },
         { 0,0,1,0,0,0,1 },
         { 0,0,0,1,1,1,0 }
      },
      {
         { 1,1,1,0,0,0,0 },
         { 1,0,0,0,0,0,0 },
         { 1,1,1,0,0,0,0 },
         { 1,0,1,0,0,0,0 },
         { 1,0,1,0,0,0,0 },
         { 0,1,0,0,0,0,0 },
         { 0,0,0,0,0,0,0 }
      }
   },
   {
      {//숫자7
         { 1,1,1,1,1,1,1 },
         { 0,0,0,0,0,0,1 },
         { 0,0,0,0,0,0,1 },
         { 0,0,0,0,0,0,1 },
         { 0,0,0,0,0,0,1 },
         { 0,0,0,0,0,0,1 },
         { 0,0,0,0,0,0,1 }
      },
      {
         { 0,0,0,0,0,0,0 },
         { 0,0,1,1,1,0,0 },
         { 0,0,0,0,1,0,0 },
         { 0,0,0,0,1,0,0 },
         { 0,0,0,0,1,0,0 },
         { 0,0,0,0,1,0,0 },
         { 0,0,0,0,0,0,0 }
      },
      {
         { 0,0,0,0,0,0,0 },
         { 1,1,1,1,1,0,0 },
         { 0,0,0,0,1,0,0 },
         { 0,0,0,1,0,0,0 },
         { 0,0,1,0,0,0,0 },
         { 0,1,0,0,0,0,0 },
         { 1,0,0,0,0,0,0 }
      },
      {
         { 0,0,0,0,0,0,0 },
         { 0,0,0,0,0,0,0 },
         { 0,1,1,1,1,0,0 },
         { 0,0,0,0,1,0,0 },
         { 0,0,0,0,1,0,0 },
         { 0,0,0,0,0,0,0 },
         { 0,0,0,0,0,0,0 }
      },
      {
         { 0,0,0,0,0,0,0 },
         { 0,0,0,0,0,0,0 },
         { 1,1,1,1,0,0,0 },
         { 0,0,0,1,0,0,0 },
         { 0,0,0,1,0,0,0 },
         { 0,0,0,1,0,0,0 },
         { 0,0,0,0,1,0,0 }
      },
      {
         { 0,0,0,0,0,0,0 },
         { 0,1,1,1,1,0,0 },
         { 0,0,0,0,1,0,0 },
         { 0,0,0,0,1,0,0 },
         { 0,0,0,1,0,0,0 },
         { 0,0,0,1,0,0,0 },
         { 0,0,0,0,0,0,0 }
      },
      {
         { 0,0,0,0,0,0,0 },
         { 0,0,1,1,1,1,1 },
         { 0,0,0,0,0,0,1 },
         { 0,0,0,0,0,1,0 },
         { 0,0,0,0,0,1,0 },
         { 0,0,0,0,0,1,0 },
         { 0,0,0,0,0,1,0 }
      },
      {
         { 0,0,0,0,0,0,0 },
         { 0,1,1,1,1,0,0 },
         { 0,0,0,1,0,0,0 },
         { 0,0,0,1,0,0,0 },
         { 0,0,0,1,0,0,0 },
         { 0,0,0,1,0,0,0 },
         { 0,0,0,0,0,0,0 }
      },
      {
         { 0,0,0,0,0,0,0 },
         { 1,1,1,0,0,0,0 },
         { 0,0,1,0,0,0,0 },
         { 0,0,1,0,0,0,0 },
         { 0,0,1,0,0,0,0 },
         { 0,0,1,0,0,0,0 },
         { 0,0,1,0,0,0,0 }
      },
      {
         { 0,0,0,0,0,0,0 },
         { 0,0,1,1,1,0,0 },
         { 0,1,0,0,1,0,0 },
         { 0,0,0,0,1,0,0 },
         { 0,0,0,0,1,0,0 },
         { 0,0,0,0,1,0,0 },
         { 0,0,0,0,0,0,0 }
      }
   },
   {
      {//숫자8
         { 0,0,1,1,1,0,0 },
         { 0,0,1,0,1,0,0 },
         { 0,0,1,0,1,0,0 },
         { 0,0,1,1,1,0,0 },
         { 0,0,1,0,1,0,0 },
         { 0,0,1,0,1,0,0 },
         { 0,0,1,1,1,0,0 }
      },
      {
         { 0,1,1,1,1,1,0 },
         { 0,1,0,0,0,1,0 },
         { 0,1,0,0,0,1,0 },
         { 0,1,1,1,1,1,0 },
         { 0,1,0,0,0,1,0 },
         { 0,1,0,0,0,1,0 },
         { 0,1,1,1,1,1,0 }
      },
      {
         { 0,0,1,1,0,0,0 },
         { 0,1,0,0,1,0,0 },
         { 0,1,0,0,1,0,0 },
         { 0,0,1,1,0,0,0 },
         { 0,1,0,0,1,0,0 },
         { 0,1,0,0,1,0,0 },
         { 0,0,1,1,0,0,0 }
      },
      {
         { 0,0,1,1,1,0,0 },
         { 0,0,1,0,1,0,0 },
         { 0,0,1,0,1,0,0 },
         { 0,0,0,1,0,0,0 },
         { 0,0,1,0,1,0,0 },
         { 0,0,1,0,1,0,0 },
         { 0,0,0,1,0,0,0 }
      },
      {
         { 0,1,1,1,1,1,0 },
         { 1,0,0,0,0,0,1 },
         { 0,1,1,1,1,1,0 },
         { 1,0,0,0,0,0,1 },
         { 1,0,0,0,0,0,1 },
         { 0,1,1,1,1,1,0 },
         { 0,0,0,0,0,0,0 }
      },
      {
         { 0,1,1,1,1,1,0 },
         { 0,1,0,0,0,1,0 },
         { 0,1,0,0,0,1,0 },
         { 0,1,1,1,1,1,0 },
         { 1,0,0,0,0,0,1 },
         { 0,1,0,0,0,1,0 },
         { 0,0,1,1,1,0,0 }
      },
      {
         { 0,1,1,1,0,0,0 },
         { 1,0,0,0,1,0,0 },
         { 1,0,0,0,1,0,0 },
         { 0,1,1,1,0,0,0 },
         { 0,1,0,0,1,0,0 },
         { 0,1,0,0,1,0,0 },
         { 0,0,1,1,0,0,0 }
      },
      {
         { 0,0,1,1,1,0,0 },
         { 0,1,0,0,0,1,0 },
         { 0,0,1,0,1,0,0 },
         { 0,0,1,1,1,0,0 },
         { 0,1,0,0,0,1,0 },
         { 0,1,0,0,0,1,0 },
         { 0,0,1,1,1,0,0 }

      },
      {
         { 0,0,0,1,1,1,0 },
         { 0,0,1,0,0,0,1 },
         { 0,0,1,0,0,0,1 },
         { 0,0,0,1,1,1,0 },
         { 0,0,1,0,0,0,1 },
         { 0,0,1,0,0,0,1 },
         { 0,0,1,1,1,1,1 }
      },
      {
         { 1,1,1,0,0,0,0 },
         { 1,0,1,0,0,0,0 },
         { 1,0,1,0,0,0,0 },
         { 1,0,1,0,0,0,0 },
         { 1,1,1,0,0,0,0 },
         { 1,0,1,0,0,0,0 },
         { 1,1,1,0,0,0,0 }
      }
   },
   {
      {//숫자9
         { 1,1,1,1,1,1,1 },
         { 1,0,0,0,0,0,1 },
         { 1,0,0,0,0,0,1 },
         { 1,1,1,1,1,1,1 },
         { 0,0,0,0,0,0,1 },
         { 0,0,0,0,0,0,1 },
         { 1,1,1,1,1,1,1 }
      },
      {
         { 0,0,0,0,0,0,0 },
         { 0,1,1,1,1,0,0 },
         { 0,1,0,0,1,0,0 },
         { 0,1,1,1,1,0,0 },
         { 0,0,0,0,1,0,0 },
         { 0,0,0,0,1,0,0 },
         { 0,0,0,0,1,0,0 }
      },
      {
         { 0,1,1,1,1,1,0 },
         { 0,1,0,0,0,1,0 },
         { 0,1,0,0,0,1,0 },
         { 0,1,1,1,1,1,0 },
         { 0,0,0,0,0,1,0 },
         { 1,0,0,0,1,0,0 },
         { 0,1,1,1,0,0,0 }
      },
      {
         { 0,1,1,1,1,1,0 },
         { 0,1,0,0,0,1,0 },
         { 0,0,1,1,1,1,0 },
         { 0,0,0,0,0,1,0 },
         { 0,1,1,1,1,0,0 },
         { 0,0,0,0,0,0,0 },
         { 0,0,0,0,0,0,0 }
      },
      {
         { 0,0,1,1,1,0,0 },
         { 0,1,0,0,0,1,0 },
         { 0,1,0,0,0,1,0 },
         { 0,0,1,1,1,1,0 },
         { 0,0,0,0,1,0,0 },
         { 0,0,0,1,0,0,0 },
         { 0,0,1,0,0,0,0 }
      },
      {
         { 0,0,0,0,1,1,0 },
         { 0,0,0,1,0,0,1 },
         { 0,0,0,1,1,1,1 },
         { 0,0,0,0,0,0,1 },
         { 0,0,0,1,1,1,0 },
         { 0,0,0,0,0,0,0 },
         { 0,0,0,0,0,0,0 }
      },
      {
         { 0,1,1,0,0,0,0 },
         { 1,0,0,1,0,0,0 },
         { 1,0,0,1,0,0,0 },
         { 1,1,1,1,0,0,0 },
         { 0,0,0,1,0,0,0 },
         { 0,0,0,1,0,0,0 },
         { 0,1,1,0,0,0,0 }
      },
      {
         { 0,1,1,1,0,0,0 },
         { 1,0,0,0,1,0,0 },
         { 1,0,0,0,1,0,0 },
         { 0,1,1,1,1,0,0 },
         { 0,0,0,0,1,0,0 },
         { 0,1,0,1,1,0,0 },
         { 0,0,1,0,0,0,0 }
      },
      {
         { 0,1,1,1,0,0,0 },
         { 1,0,0,0,1,0,0 },
         { 1,0,0,0,1,0,0 },
         { 0,1,1,1,0,0,0 },
         { 0,0,1,0,0,0,0 },
         { 1,1,1,0,0,0,0 },
         { 0,0,0,0,0,0,0 }
      },
      {
         { 0,0,0,0,0,0,0 },
         { 0,0,0,0,1,1,0 },
         { 0,0,0,1,0,0,1 },
         { 0,0,0,1,1,1,1 },
         { 0,0,0,0,0,0,1 },
         { 0,0,0,0,0,0,1 },
         { 0,0,0,0,1,1,0 }
      }
   }
};