#include <stdio.h>

void main() {
	int D20145074[10][10][7][7] = {
		{
			{	// 0 
				{ 1, 1, 1, 1, 1, 1, 1 },
				{ 1, 0, 0, 0, 0, 0, 1 },
				{ 1, 0, 0, 0, 0, 0, 1 },
				{ 1, 0, 0, 0, 0, 0, 1 },
				{ 1, 0, 0, 0, 0, 0, 1 },
				{ 1, 0, 0, 0, 0, 0, 1 },
				{ 1, 1, 1, 1, 1, 1, 1 },
			},
			{
				{ 0, 0, 0, 0, 0, 0, 0 },
				{ 0, 1, 1, 1, 1, 1, 0 },
				{ 0, 1, 0, 0, 0, 1, 0 },
				{ 0, 1, 0, 0, 0, 1, 0 },
				{ 0, 1, 0, 0, 0, 1, 0 },
				{ 0, 1, 0, 0, 0, 1, 0 },
				{ 0, 1, 1, 1, 1, 1, 0 },
			},
			{
				{ 0, 0, 1, 1, 1, 1, 0 },
				{ 0, 0, 1, 0, 0, 1, 0 },
				{ 0, 0, 1, 0, 0, 1, 0 },
				{ 0, 0, 1, 0, 0, 1, 0 },
				{ 0, 0, 1, 0, 0, 1, 0 },
				{ 0, 0, 1, 0, 0, 1, 0 },
				{ 0, 0, 1, 1, 1, 1, 0 },
			},
			{
				{ 0, 0, 1, 1, 1, 1, 1 },
				{ 0, 0, 1, 0, 0, 0, 1 },
				{ 0, 0, 1, 0, 0, 0, 1 },
				{ 0, 0, 1, 0, 0, 0, 1 },
				{ 0, 0, 1, 0, 0, 0, 1 },
				{ 0, 0, 1, 0, 0, 0, 1 },
				{ 0, 0, 1, 1, 1, 1, 1 },
			},
			{
				{ 0, 0, 0, 0, 0, 0, 0 },
				{ 0, 0, 0, 0, 0, 0, 0 },
				{ 0, 0, 1, 1, 1, 0, 0 },
				{ 0, 0, 1, 0, 1, 0, 0 },
				{ 0, 0, 1, 0, 1, 0, 0 },
				{ 0, 0, 1, 1, 1, 0, 0 },
				{ 0, 0, 0, 0, 0, 0, 0 },
			},
			{
				{ 0, 0, 0, 0, 0, 0, 0 },
				{ 0, 0, 0, 1, 1, 1, 1 },
				{ 0, 0, 0, 1, 0, 0, 1 },
				{ 0, 0, 0, 1, 0, 0, 1 },
				{ 0, 0, 0, 1, 0, 0, 1 },
				{ 0, 0, 0, 1, 0, 0, 1 },
				{ 0, 0, 0, 1, 1, 1, 1 },
			},
			{
				{ 0, 0, 0, 0, 0, 0, 0 },
				{ 0, 0, 0, 0, 0, 0, 0 },
				{ 1, 1, 1, 1, 1, 0, 0 },
				{ 1, 0, 0, 0, 1, 0, 0 },
				{ 1, 0, 0, 0, 1, 0, 0 },
				{ 1, 0, 0, 0, 1, 0, 0 },
				{ 1, 1, 1, 1, 1, 0, 0 },
			},
			{
				{ 0, 1, 1, 1, 1, 1, 0 },
				{ 0, 1, 0, 0, 0, 1, 0 },
				{ 0, 1, 0, 0, 0, 1, 0 },
				{ 0, 1, 0, 0, 0, 1, 0 },
				{ 0, 1, 0, 0, 0, 1, 0 },
				{ 0, 1, 1, 1, 1, 1, 0 },
				{ 0, 0, 0, 0, 0, 0, 0 },
			},
			{
				{ 0, 0, 0, 0, 0, 0, 0 },
				{ 0, 1, 1, 1, 1, 0, 0 },
				{ 0, 1, 0, 0, 1, 0, 0 },
				{ 0, 1, 0, 0, 1, 0, 0 },
				{ 0, 1, 0, 0, 1, 0, 0 },
				{ 0, 1, 1, 1, 1, 0, 0 },
				{ 0, 0, 0, 0, 0, 0, 0 },
			},
			{
				{ 0, 1, 1, 1, 1, 1, 1 },
				{ 0, 1, 0, 0, 0, 0, 1 },
				{ 0, 1, 0, 0, 0, 0, 1 },
				{ 0, 1, 0, 0, 0, 0, 1 },
				{ 0, 1, 0, 0, 0, 0, 1 },
				{ 0, 1, 1, 1, 1, 1, 1 },
				{ 0, 0, 0, 0, 0, 0, 0 },
			}, // 0
		},
		{		// '1'
			{
				{ 0, 0, 0, 1, 0, 0, 0 },
				{ 0, 0, 0, 1, 0, 0, 0 },
				{ 0, 0, 0, 1, 0, 0, 0 },
				{ 0, 0, 0, 1, 0, 0, 0 },
				{ 0, 0, 0, 1, 0, 0, 0 },
				{ 0, 0, 0, 1, 0, 0, 0 },
				{ 0, 0, 0, 1, 0, 0, 0 },
			},
			{
				{ 0, 0, 0, 0, 0, 0, 1 },
				{ 0, 0, 0, 0, 0, 0, 1 },
				{ 0, 0, 0, 0, 0, 0, 1 },
				{ 0, 0, 0, 0, 0, 0, 1 },
				{ 0, 0, 0, 0, 0, 0, 1 },
				{ 0, 0, 0, 0, 0, 0, 1 },
				{ 0, 0, 0, 0, 0, 0, 1 },
			},
			{
				{ 0, 0, 1, 0, 0, 0, 0 },
				{ 0, 0, 1, 0, 0, 0, 0 },
				{ 0, 0, 1, 0, 0, 0, 0 },
				{ 0, 0, 1, 0, 0, 0, 0 },
				{ 0, 0, 1, 0, 0, 0, 0 },
				{ 0, 0, 1, 0, 0, 0, 0 },
				{ 0, 0, 0, 0, 0, 0, 0 },
			},
			{
				{ 0, 0, 0, 0, 0, 0, 0 },
				{ 0, 0, 0, 1, 0, 0, 0 },
				{ 0, 0, 0, 1, 0, 0, 0 },
				{ 0, 0, 0, 1, 0, 0, 0 },
				{ 0, 0, 0, 1, 0, 0, 0 },
				{ 0, 0, 0, 1, 0, 0, 0 },
				{ 0, 0, 0, 0, 0, 0, 0 },
			},
			{
				{ 0, 0, 0, 0, 0, 0, 0 },
				{ 0, 1, 0, 0, 0, 0, 0 },
				{ 0, 1, 0, 0, 0, 0, 0 },
				{ 0, 1, 0, 0, 0, 0, 0 },
				{ 0, 1, 0, 0, 0, 0, 0 },
				{ 0, 1, 0, 0, 0, 0, 0 },
				{ 0, 0, 0, 0, 0, 0, 0 },
			},
			{
				{ 0, 0, 0, 1, 0, 0, 0 },
				{ 0, 0, 0, 1, 0, 0, 0 },
				{ 0, 0, 0, 1, 0, 0, 0 },
				{ 0, 0, 0, 1, 0, 0, 0 },
				{ 0, 0, 0, 1, 0, 0, 0 },
				{ 0, 0, 0, 1, 0, 0, 0 },
				{ 0, 0, 0, 0, 0, 0, 0 },
			},
			{
				{ 0, 0, 1, 0, 0, 0, 0 },
				{ 0, 0, 1, 0, 0, 0, 0 },
				{ 0, 0, 1, 0, 0, 0, 0 },
				{ 0, 0, 1, 0, 0, 0, 0 },
				{ 0, 0, 1, 0, 0, 0, 0 },
				{ 0, 0, 0, 0, 0, 0, 0 },
				{ 0, 0, 0, 0, 0, 0, 0 },
			},
			{
				{ 0, 0, 0, 0, 0, 1, 0 },
				{ 0, 0, 0, 0, 0, 1, 0 },
				{ 0, 0, 0, 0, 0, 1, 0 },
				{ 0, 0, 0, 0, 0, 1, 0 },
				{ 0, 0, 0, 0, 0, 1, 0 },
				{ 0, 0, 0, 0, 0, 1, 0 },
				{ 0, 0, 0, 0, 0, 0, 0 },
			},
			{
				{ 0, 0, 0, 0, 0, 0, 0 },
				{ 0, 0, 0, 0, 0, 0, 0 },
				{ 1, 0, 0, 0, 0, 0, 0 },
				{ 1, 0, 0, 0, 0, 0, 0 },
				{ 1, 0, 0, 0, 0, 0, 0 },
				{ 1, 0, 0, 0, 0, 0, 0 },
				{ 0, 0, 0, 0, 0, 0, 0 },
			},
			{
				{ 0, 0, 0, 0, 0, 1, 0 },
				{ 0, 0, 0, 0, 0, 1, 0 },
				{ 0, 0, 0, 0, 0, 1, 0 },
				{ 0, 0, 0, 0, 0, 1, 0 },
				{ 0, 0, 0, 0, 0, 1, 0 },
				{ 0, 0, 0, 0, 0, 1, 0 },
				{ 0, 0, 0, 0, 0, 1, 0 },
			},	// '1'
		},
		{		// '2'
			{
				{ 1, 1, 1, 1, 1, 1, 1 },
				{ 0, 0, 0, 0, 0, 0, 1 },
				{ 0, 0, 0, 0, 0, 0, 1 },
				{ 1, 1, 1, 1, 1, 1, 1 },
				{ 1, 0, 0, 0, 0, 0, 0 },
				{ 1, 0, 0, 0, 0, 0, 0 },
				{ 1, 1, 1, 1, 1, 1, 1 },
			},
			{
				{ 0, 1, 1, 1, 1, 1, 0 },
				{ 0, 0, 0, 0, 0, 1, 0 },
				{ 0, 0, 0, 0, 0, 1, 0 },
				{ 0, 1, 1, 1, 1, 1, 0 },
				{ 0, 1, 0, 0, 0, 0, 0 },
				{ 0, 1, 1, 1, 1, 1, 0 },
				{ 0, 0, 0, 0, 0, 0, 0 },
			},
			{
				{ 0, 0, 0, 0, 0, 0, 0 },
				{ 1, 1, 1, 1, 1, 1, 1 },
				{ 0, 0, 0, 0, 0, 0, 1 },
				{ 0, 0, 0, 0, 0, 0, 1 },
				{ 1, 1, 1, 1, 1, 1, 1 },
				{ 1, 0, 0, 0, 0, 0, 0 },
				{ 1, 1, 1, 1, 1, 1, 0 },
			},
			{
				{ 0, 0, 0, 0, 0, 0, 0 },
				{ 0, 1, 1, 1, 1, 1, 0 },
				{ 0, 0, 0, 0, 0, 1, 0 },
				{ 0, 1, 1, 1, 1, 1, 0 },
				{ 0, 1, 0, 0, 0, 0, 0 },
				{ 0, 1, 1, 0, 0, 0, 0 },
				{ 0, 1, 1, 1, 1, 1, 0 },
			},
			{
				{ 0, 0, 0, 0, 0, 0, 0 },
				{ 0, 0, 0, 0, 0, 0, 0 },
				{ 1, 1, 1, 1, 1, 1, 0 },
				{ 0, 0, 0, 0, 0, 1, 0 },
				{ 1, 1, 1, 1, 1, 1, 0 },
				{ 1, 0, 0, 0, 0, 0, 0 },
				{ 1, 1, 1, 1, 1, 0, 0 },
			},
			{
				{ 1, 1, 1, 1, 1, 1, 1 },
				{ 0, 0, 0, 0, 0, 0, 1 },
				{ 1, 1, 1, 1, 1, 1, 1 },
				{ 1, 0, 0, 0, 0, 0, 0 },
				{ 1, 0, 0, 0, 0, 0, 0 },
				{ 1, 1, 1, 1, 1, 1, 1 },
				{ 0, 0, 0, 0, 0, 0, 0 },
			},
			{
				{ 1, 1, 1, 1, 1, 1, 1 },
				{ 0, 0, 0, 0, 0, 0, 1 },
				{ 1, 1, 1, 1, 1, 1, 1 },
				{ 1, 0, 0, 0, 0, 0, 0 },
				{ 1, 1, 1, 1, 1, 1, 1 },
				{ 0, 0, 0, 0, 0, 0, 0 },
				{ 0, 0, 0, 0, 0, 0, 0 },
			},
			{
				{ 1, 1, 1, 1, 1, 1, 0 },
				{ 0, 0, 0, 0, 0, 1, 0 },
				{ 0, 0, 0, 0, 0, 1, 0 },
				{ 1, 1, 1, 1, 1, 1, 0 },
				{ 1, 0, 0, 0, 0, 0, 0 },
				{ 1, 0, 0, 0, 0, 0, 0 },
				{ 1, 1, 1, 1, 1, 0, 0 },
			},
			{
				{ 1, 1, 1, 1, 1, 1, 0 },
				{ 0, 0, 0, 0, 0, 1, 0 },
				{ 0, 1, 1, 1, 1, 1, 0 },
				{ 0, 1, 0, 0, 0, 0, 0 },
				{ 0, 1, 1, 1, 1, 1, 1 },
				{ 0, 0, 0, 0, 0, 0, 0 },
				{ 0, 0, 0, 0, 0, 0, 0 },
			},
			{
				{ 0, 0, 0, 0, 0, 0, 0 },
				{ 0, 0, 0, 0, 0, 0, 0 },
				{ 1, 1, 1, 1, 1, 1, 1 },
				{ 0, 0, 0, 0, 0, 0, 1 },
				{ 1, 1, 1, 1, 1, 1, 1 },
				{ 1, 0, 0, 1, 0, 0, 0 },
				{ 1, 1, 1, 1, 1, 1, 1 },
			},		// '2'
		},		// '3'
		{
			{
				{ 1, 1, 1, 1, 1, 1, 1 },
				{ 0, 0, 0, 0, 0, 0, 1 },
				{ 0, 0, 0, 0, 0, 0, 1 },
				{ 1, 1, 1, 1, 1, 1, 1 },
				{ 0, 0, 0, 0, 0, 0, 1 },
				{ 0, 0, 0, 0, 0, 0, 1 },
				{ 1, 1, 1, 1, 1, 1, 1 },
			},
			{
				{ 1, 1, 1, 1, 1, 1, 0 },
				{ 0, 0, 0, 0, 0, 1, 0 },
				{ 0, 0, 0, 0, 0, 1, 0 },
				{ 1, 1, 1, 1, 1, 1, 0 },
				{ 0, 0, 0, 0, 0, 1, 0 },
				{ 0, 0, 0, 0, 0, 1, 0 },
				{ 1, 1, 1, 1, 1, 1, 0 },
			},
			{
				{ 1, 1, 1, 1, 1, 1, 0 },
				{ 0, 0, 0, 0, 0, 1, 0 },
				{ 0, 0, 0, 0, 0, 1, 0 },
				{ 0, 1, 1, 1, 1, 1, 0 },
				{ 0, 0, 0, 0, 0, 1, 0 },
				{ 0, 0, 0, 0, 0, 1, 0 },
				{ 0, 1, 1, 1, 1, 1, 0 },
			},
			{
				{ 0, 0, 0, 0, 0, 0, 0 },
				{ 0, 1, 1, 1, 1, 1, 0 },
				{ 0, 0, 0, 0, 0, 1, 0 },
				{ 0, 0, 0, 0, 0, 1, 0 },
				{ 0, 1, 1, 1, 1, 1, 0 },
				{ 0, 0, 0, 0, 0, 1, 0 },
				{ 0, 1, 1, 1, 1, 1, 0 },
			},
			{
				{ 0, 0, 0, 0, 0, 0, 0 },
				{ 0, 0, 0, 0, 0, 0, 0 },
				{ 1, 1, 1, 1, 1, 1, 1 },
				{ 0, 0, 0, 0, 0, 0, 1 },
				{ 1, 1, 1, 1, 1, 1, 1 },
				{ 0, 0, 0, 0, 0, 0, 1 },
				{ 1, 1, 1, 1, 1, 1, 1 },
			},
			{
				{ 0, 0, 0, 0, 0, 0, 0 },
				{ 0, 0, 0, 0, 0, 0, 0 },
				{ 0, 0, 0, 1, 1, 1, 1 },
				{ 0, 0, 0, 0, 0, 0, 1 },
				{ 0, 0, 0, 1, 1, 1, 1 },
				{ 0, 0, 0, 0, 0, 0, 1 },
				{ 0, 0, 0, 1, 1, 1, 1 },
			},
			{
				{ 1, 1, 1, 1, 1, 0, 0 },
				{ 0, 0, 0, 0, 0, 1, 0 },
				{ 0, 0, 0, 0, 0, 1, 0 },
				{ 0, 1, 1, 1, 1, 1, 0 },
				{ 0, 0, 0, 1, 0, 1, 0 },
				{ 0, 0, 0, 1, 0, 1, 0 },
				{ 1, 1, 1, 1, 1, 1, 0 },
			},
			{
				{ 0, 0, 0, 0, 0, 0, 0 },
				{ 0, 1, 1, 1, 1, 1, 0 },
				{ 0, 0, 0, 0, 0, 1, 0 },
				{ 0, 0, 0, 0, 0, 1, 0 },
				{ 0, 0, 1, 1, 1, 1, 0 },
				{ 0, 0, 0, 0, 0, 1, 0 },
				{ 1, 1, 1, 1, 1, 1, 0 },
			},
			{
				{ 0, 0, 0, 0, 0, 0, 0 },
				{ 0, 0, 0, 0, 0, 0, 0 },
				{ 0, 1, 1, 1, 1, 1, 1 },
				{ 0, 0, 0, 0, 0, 0, 1 },
				{ 0, 0, 1, 0, 1, 1, 1 },
				{ 0, 0, 0, 0, 0, 0, 1 },
				{ 0, 1, 1, 1, 1, 1, 1 },
			},
			{
				{ 1, 1, 1, 1, 1, 1, 0 },
				{ 0, 0, 0, 0, 0, 1, 0 },
				{ 1, 1, 1, 1, 1, 1, 0 },
				{ 0, 0, 0, 0, 0, 1, 0 },
				{ 1, 1, 1, 1, 1, 1, 0 },
				{ 0, 0, 0, 0, 0, 0, 0 },
				{ 0, 0, 0, 0, 0, 0, 0 },
			},		// '3'
		},
		{		//'4'
			{
				{ 1, 0, 0, 0, 0, 0, 1 },
				{ 1, 0, 0, 0, 0, 0, 1 },
				{ 1, 0, 0, 0, 0, 0, 1 },
				{ 1, 0, 0, 0, 0, 0, 1 },
				{ 1, 1, 1, 1, 1, 1, 1 },
				{ 0, 0, 0, 0, 0, 0, 1 },
				{ 0, 0, 0, 0, 0, 0, 1 },
			},
			{
				{ 0, 0, 1, 0, 0, 0, 0 },
				{ 0, 0, 1, 0, 0, 1, 0 },
				{ 0, 0, 1, 0, 0, 1, 0 },
				{ 0, 0, 1, 1, 1, 1, 1 },
				{ 0, 0, 0, 0, 0, 1, 0 },
				{ 0, 0, 0, 0, 0, 1, 0 },
				{ 0, 0, 0, 0, 0, 1, 0 },
			},
			{
				{ 0, 1, 0, 0, 1, 0, 0 },
				{ 0, 1, 0, 0, 1, 0, 0 },
				{ 0, 1, 0, 0, 1, 0, 0 },
				{ 0, 1, 0, 0, 1, 0, 0 },
				{ 0, 1, 0, 0, 1, 0, 0 },
				{ 1, 1, 1, 1, 1, 1, 1 },
				{ 0, 0, 0, 0, 1, 0, 0 },
			},
			{
				{ 0, 0, 1, 0, 1, 0, 0 },
				{ 0, 0, 1, 0, 1, 0, 0 },
				{ 0, 0, 1, 0, 1, 0, 0 },
				{ 0, 0, 1, 1, 1, 1, 1 },
				{ 0, 0, 0, 0, 1, 0, 0 },
				{ 0, 0, 0, 0, 1, 0, 0 },
				{ 0, 0, 0, 0, 1, 0, 0 },
			},
			{
				{ 0, 0, 0, 0, 0, 0, 0 },
				{ 0, 0, 0, 0, 0, 0, 0 },
				{ 0, 0, 0, 1, 0, 1, 0 },
				{ 0, 0, 0, 1, 0, 1, 0 },
				{ 0, 0, 1, 1, 1, 1, 1 },
				{ 0, 0, 0, 0, 0, 1, 0 },
				{ 0, 0, 0, 0, 0, 1, 0 },
			},
			{
				{ 0, 1, 0, 0, 0, 0, 0 },
				{ 0, 1, 0, 0, 0, 0, 0 },
				{ 0, 1, 0, 0, 0, 1, 0 },
				{ 0, 1, 0, 0, 0, 1, 0 },
				{ 0, 1, 1, 1, 1, 1, 1 },
				{ 0, 0, 0, 0, 0, 1, 0 },
				{ 0, 0, 0, 0, 0, 1, 0 },
			},
			{
				{ 0, 0, 1, 0, 0, 0, 1 },
				{ 0, 0, 1, 0, 0, 0, 1 },
				{ 0, 0, 1, 0, 0, 0, 1 },
				{ 0, 0, 1, 1, 1, 1, 1 },
				{ 0, 0, 0, 0, 0, 0, 1 },
				{ 0, 0, 0, 0, 0, 0, 1 },
				{ 0, 0, 0, 0, 0, 0, 0 },
			},
			{
				{ 0, 0, 0, 0, 0, 0, 0 },
				{ 0, 0, 0, 0, 0, 0, 0 },
				{ 1, 0, 0, 0, 0, 0, 0 },
				{ 1, 0, 0, 1, 0, 0, 0 },
				{ 1, 1, 1, 1, 1, 1, 0 },
				{ 0, 0, 0, 1, 0, 0, 0 },
				{ 0, 0, 0, 1, 0, 0, 0 },
			},
			{
				{ 0, 0, 0, 0, 1, 0, 0 },
				{ 1, 0, 0, 0, 1, 0, 0 },
				{ 1, 0, 0, 0, 1, 0, 0 },
				{ 1, 1, 1, 1, 1, 1, 0 },
				{ 0, 0, 0, 0, 1, 0, 0 },
				{ 0, 0, 0, 0, 0, 0, 0 },
				{ 0, 0, 0, 0, 0, 0, 0 },
			},
			{
				{ 0, 0, 0, 0, 0, 0, 0 },
				{ 0, 0, 0, 0, 0, 0, 0 },
				{ 0, 1, 0, 0, 1, 0, 0 },
				{ 0, 1, 0, 0, 1, 0, 0 },
				{ 0, 1, 0, 0, 1, 0, 0 },
				{ 0, 1, 1, 1, 1, 1, 0 },
				{ 0, 0, 0, 0, 1, 0, 0 },
			},		//' '4'
		},		// '5'
		{
			{
				{ 1, 1, 1, 1, 1, 1, 1 },
				{ 1, 0, 0, 0, 0, 0, 0 },
				{ 1, 0, 0, 0, 0, 0, 0 },
				{ 1, 1, 1, 1, 1, 1, 1 },
				{ 0, 0, 0, 0, 0, 0, 1 },
				{ 0, 0, 0, 0, 0, 0, 1 },
				{ 1, 1, 1, 1, 1, 1, 1 },
			},
			{
				{ 0, 0, 0, 0, 0, 0, 0 },
				{ 0, 1, 1, 1, 1, 1, 1 },
				{ 0, 0, 1, 0, 0, 0, 0 },
				{ 0, 0, 1, 1, 1, 1, 1 },
				{ 0, 0, 0, 0, 0, 0, 1 },
				{ 0, 0, 0, 0, 0, 0, 1 },
				{ 0, 0, 1, 1, 1, 1, 1 },
			},
			{
				{ 0, 0, 0, 0, 0, 0, 0 },
				{ 0, 0, 1, 1, 1, 1, 1 },
				{ 0, 0, 1, 0, 0, 0, 0 },
				{ 0, 0, 1, 1, 1, 1, 1 },
				{ 0, 0, 0, 0, 0, 0, 1 },
				{ 0, 0, 1, 1, 1, 1, 1 },
				{ 0, 0, 0, 0, 0, 0, 0 },
			},
			{
				{ 0, 0, 0, 0, 0, 0, 0 },
				{ 0, 0, 1, 1, 1, 1, 0 },
				{ 0, 0, 1, 0, 0, 0, 0 },
				{ 0, 0, 1, 1, 1, 1, 0 },
				{ 0, 0, 0, 0, 0, 1, 0 },
				{ 0, 0, 1, 1, 1, 1, 0 },
				{ 0, 0, 0, 0, 0, 0, 0 },
			},
			{
				{ 0, 0, 0, 0, 0, 0, 0 },
				{ 0, 1, 1, 1, 1, 0, 0 },
				{ 0, 1, 0, 0, 0, 0, 0 },
				{ 0, 1, 1, 1, 1, 0, 0 },
				{ 0, 0, 0, 0, 1, 0, 0 },
				{ 0, 1, 1, 1, 1, 0, 0 },
				{ 0, 0, 0, 0, 0, 0, 0 },
			},
			{
				{ 0, 0, 0, 0, 0, 0, 0 },
				{ 0, 0, 1, 1, 1, 1, 0 },
				{ 0, 0, 1, 0, 0, 0, 0 },
				{ 0, 0, 1, 0, 0, 0, 0 },
				{ 0, 0, 1, 1, 1, 1, 0 },
				{ 0, 0, 0, 0, 0, 1, 0 },
				{ 0, 0, 1, 1, 1, 1, 0 },
			},
			{
				{ 0, 0, 0, 0, 0, 0, 0 },
				{ 0, 1, 1, 1, 1, 1, 1 },
				{ 0, 1, 0, 0, 0, 0, 0 },
				{ 0, 1, 1, 1, 1, 1, 1 },
				{ 0, 0, 0, 0, 0, 0, 1 },
				{ 0, 0, 0, 0, 0, 0, 1 },
				{ 1, 1, 1, 1, 1, 1, 1 },
			},
			{
				{ 1, 1, 1, 1, 1, 0, 0 },
				{ 1, 0, 0, 0, 0, 0, 0 },
				{ 1, 0, 0, 0, 0, 0, 0 },
				{ 1, 1, 1, 1, 1, 0, 0 },
				{ 0, 0, 0, 0, 1, 0, 0 },
				{ 0, 0, 0, 0, 1, 0, 0 },
				{ 0, 1, 1, 1, 1, 0, 0 },
			},
			{
				{ 0, 0, 0, 1, 1, 1, 1 },
				{ 0, 0, 0, 1, 0, 0, 0 },
				{ 0, 0, 0, 1, 1, 1, 1 },
				{ 0, 0, 0, 0, 0, 0, 1 },
				{ 0, 0, 0, 1, 1, 1, 1 },
				{ 0, 0, 0, 0, 0, 0, 0 },
				{ 0, 0, 0, 0, 0, 0, 0 },
			},
			{
				{ 0, 0, 0, 0, 0, 0, 0 },
				{ 0, 0, 0, 0, 0, 0, 0 },
				{ 1, 1, 1, 1, 1, 1, 0 },
				{ 1, 0, 1, 0, 0, 0, 0 },
				{ 1, 1, 1, 1, 1, 1, 0 },
				{ 0, 0, 0, 0, 0, 1, 0 },
				{ 1, 1, 1, 1, 1, 1, 0 },
			},		// '5'
		},		//'6'
		{
			{
				{ 1, 1, 1, 1, 1, 1, 1 },
				{ 1, 0, 0, 0, 0, 0, 0 },
				{ 1, 0, 0, 0, 0, 0, 0 },
				{ 1, 0, 1, 1, 1, 1, 1 },
				{ 1, 0, 0, 0, 0, 0, 1 },
				{ 1, 0, 0, 0, 0, 0, 1 },
				{ 1, 1, 1, 1, 1, 1, 1 },
			},
			{
				{ 0, 0, 1, 1, 1, 1, 1 },
				{ 0, 0, 1, 0, 0, 0, 0 },
				{ 0, 0, 1, 1, 1, 1, 1 },
				{ 0, 0, 1, 0, 0, 0, 1 },
				{ 0, 0, 1, 0, 0, 0, 1 },
				{ 0, 0, 1, 1, 1, 1, 0 },
				{ 0, 0, 0, 0, 0, 0, 0 },
			},
			{
				{ 0, 0, 0, 0, 0, 0, 0 },
				{ 0, 0, 0, 0, 0, 0, 0 },
				{ 1, 1, 1, 1, 1, 0, 0 },
				{ 1, 0, 0, 0, 0, 0, 0 },
				{ 1, 1, 1, 1, 1, 0, 0 },
				{ 1, 0, 0, 0, 1, 0, 0 },
				{ 1, 1, 1, 1, 1, 0, 0 },
			},
			{
				{ 0, 0, 0, 0, 0, 0, 0 },
				{ 1, 1, 1, 1, 1, 0, 0 },
				{ 1, 0, 0, 0, 0, 0, 0 },
				{ 1, 0, 0, 0, 0, 0, 0 },
				{ 1, 1, 1, 1, 1, 0, 0 },
				{ 1, 0, 0, 0, 1, 0, 0 },
				{ 1, 1, 1, 1, 1, 0, 0 },
			},
			{
				{ 0, 0, 0, 0, 0, 0, 0 },
				{ 1, 1, 1, 1, 1, 1, 0 },
				{ 1, 0, 0, 0, 0, 0, 0 },
				{ 1, 1, 1, 1, 1, 1, 0 },
				{ 1, 0, 0, 0, 0, 1, 0 },
				{ 1, 0, 0, 0, 0, 1, 0 },
				{ 1, 1, 1, 1, 1, 1, 0 },
			},
			{
				{ 0, 0, 0, 0, 0, 0, 0 },
				{ 1, 1, 1, 1, 1, 1, 1 },
				{ 1, 0, 0, 0, 0, 0, 0 },
				{ 1, 1, 1, 1, 1, 1, 1 },
				{ 1, 0, 0, 0, 0, 0, 1 },
				{ 1, 0, 0, 0, 0, 0, 1 },
				{ 1, 1, 1, 1, 1, 1, 1 },
			},
			{
				{ 0, 0, 0, 0, 0, 0, 0 },
				{ 0, 0, 0, 0, 0, 0, 0 },
				{ 0, 0, 1, 1, 1, 1, 1 },
				{ 0, 0, 1, 0, 0, 0, 0 },
				{ 0, 0, 1, 1, 1, 1, 1 },
				{ 0, 0, 1, 0, 0, 0, 1 },
				{ 0, 0, 1, 1, 1, 1, 1 },
			},
			{
				{ 0, 0, 1, 1, 1, 1, 0 },
				{ 0, 0, 1, 0, 0, 0, 0 },
				{ 0, 0, 1, 1, 1, 1, 0 },
				{ 0, 0, 1, 0, 0, 1, 0 },
				{ 0, 0, 1, 1, 1, 1, 0 },
				{ 0, 0, 0, 0, 0, 0, 0 },
				{ 0, 0, 0, 0, 0, 0, 0 },
			},
			{
				{ 0, 0, 0, 0, 0, 0, 0 },
				{ 0, 0, 0, 0, 0, 0, 0 },
				{ 1, 1, 1, 1, 1, 0, 0 },
				{ 1, 0, 0, 0, 0, 0, 0 },
				{ 1, 1, 1, 1, 1, 0, 0 },
				{ 1, 0, 0, 0, 1, 0, 0 },
				{ 1, 1, 1, 1, 1, 0, 0 },
			},
			{
				{ 0, 0, 1, 1, 1, 1, 1 },
				{ 0, 0, 1, 0, 0, 0, 0 },
				{ 0, 0, 1, 0, 0, 0, 0 },
				{ 0, 0, 1, 1, 1, 1, 1 },
				{ 0, 0, 1, 0, 0, 0, 1 },
				{ 0, 0, 1, 0, 0, 0, 1 },
				{ 0, 0, 1, 1, 1, 1, 1 },
			},		// '6'
		},		//'7'
		{
			{
				{ 1, 1, 1, 1, 1, 1, 1 },
				{ 0, 0, 0, 0, 0, 0, 1 },
				{ 0, 0, 0, 0, 0, 0, 1 },
				{ 0, 0, 0, 0, 0, 0, 1 },
				{ 0, 0, 0, 0, 0, 0, 1 },
				{ 0, 0, 0, 0, 0, 0, 1 },
				{ 0, 0, 0, 0, 0, 0, 1 },
			},
			{
				{ 0, 0, 0, 0, 0, 0, 0 },
				{ 0, 1, 1, 1, 1, 1, 1 },
				{ 0, 0, 0, 0, 0, 0, 1 },
				{ 0, 0, 0, 0, 0, 0, 1 },
				{ 0, 0, 0, 0, 0, 0, 1 },
				{ 0, 0, 0, 0, 0, 0, 1 },
				{ 0, 0, 0, 0, 0, 0, 0 },
			},
			{
				{ 0, 0, 0, 0, 0, 0, 0 },
				{ 0, 1, 1, 1, 1, 0, 0 },
				{ 0, 0, 0, 0, 1, 0, 0 },
				{ 0, 0, 0, 0, 1, 0, 0 },
				{ 0, 0, 0, 0, 1, 0, 0 },
				{ 0, 0, 0, 0, 1, 0, 0 },
				{ 0, 0, 0, 0, 1, 0, 0 },
			},
			{
				{ 0, 0, 0, 0, 0, 0, 0 },
				{ 0, 0, 0, 0, 0, 0, 0 },
				{ 1, 1, 1, 1, 0, 0, 0 },
				{ 0, 0, 0, 1, 0, 0, 0 },
				{ 0, 0, 0, 1, 0, 0, 0 },
				{ 0, 0, 0, 1, 0, 0, 0 },
				{ 0, 0, 0, 1, 0, 0, 0 },
			},
			{
				{ 0, 0, 0, 0, 0, 0, 0 },
				{ 0, 0, 0, 1, 1, 1, 0 },
				{ 0, 0, 0, 0, 0, 1, 0 },
				{ 0, 0, 0, 0, 0, 1, 0 },
				{ 0, 0, 0, 0, 0, 1, 0 },
				{ 0, 0, 0, 0, 0, 1, 0 },
				{ 0, 0, 0, 0, 0, 0, 0 },
			},
			{
				{ 0, 0, 0, 0, 0, 0, 0 },
				{ 0, 0, 0, 0, 0, 0, 0 },
				{ 0, 1, 1, 1, 1, 0, 0 },
				{ 0, 0, 0, 0, 1, 0, 0 },
				{ 0, 0, 0, 0, 1, 0, 0 },
				{ 0, 0, 0, 0, 1, 0, 0 },
				{ 0, 0, 0, 0, 1, 0, 0 },
			},
			{
				{ 0, 0, 0, 0, 0, 0, 0 },
				{ 0, 0, 0, 0, 0, 0, 0 },
				{ 0, 0, 0, 0, 0, 0, 0 },
				{ 0, 0, 0, 1, 1, 1, 0 },
				{ 0, 0, 0, 0, 0, 1, 0 },
				{ 0, 0, 0, 0, 0, 1, 0 },
				{ 0, 0, 0, 0, 0, 1, 0 },
			},
			{
				{ 0, 0, 0, 0, 0, 0, 0 },
				{ 0, 0, 0, 0, 0, 0, 0 },
				{ 0, 0, 0, 0, 0, 0, 0 },
				{ 0, 0, 1, 1, 1, 1, 0 },
				{ 0, 0, 0, 0, 0, 1, 0 },
				{ 0, 0, 0, 0, 0, 1, 0 },
				{ 0, 0, 0, 0, 0, 1, 0 },
			},
			{
				{ 0, 0, 0, 0, 0, 0, 0 },
				{ 0, 0, 1, 1, 1, 1, 0 },
				{ 0, 0, 0, 0, 0, 1, 0 },
				{ 0, 0, 0, 0, 0, 1, 0 },
				{ 0, 0, 0, 0, 0, 1, 0 },
				{ 0, 0, 0, 0, 0, 1, 0 },
				{ 0, 0, 0, 0, 0, 1, 0 },
			},
			{
				{ 1, 1, 1, 1, 1, 1, 0 },
				{ 0, 0, 0, 0, 0, 1, 0 },
				{ 0, 0, 0, 0, 0, 1, 0 },
				{ 0, 0, 0, 0, 0, 1, 0 },
				{ 0, 0, 0, 0, 0, 1, 0 },
				{ 0, 0, 0, 0, 0, 1, 0 },
				{ 0, 0, 0, 0, 0, 1, 0 },
			},		// '7'
		},		// '8'
		{
			{
				{ 1, 1, 1, 1, 1, 1, 1 },
				{ 1, 0, 0, 0, 0, 0, 1 },
				{ 1, 0, 0, 0, 0, 0, 1 },
				{ 1, 1, 1, 1, 1, 1, 1 },
				{ 1, 0, 0, 0, 0, 0, 1 },
				{ 1, 0, 0, 0, 0, 0, 1 },
				{ 1, 1, 1, 1, 1, 1, 1 },
			},
			{
				{ 0, 0, 0, 0, 0, 0, 0 },
				{ 1, 1, 1, 1, 1, 1, 1 },
				{ 1, 0, 0, 0, 0, 0, 1 },
				{ 1, 1, 1, 1, 1, 1, 1 },
				{ 1, 0, 0, 0, 0, 0, 1 },
				{ 1, 1, 1, 1, 1, 1, 1 },
				{ 0, 0, 0, 0, 0, 0, 0 },
			},
			{
				{ 0, 0, 0, 0, 0, 0, 0 },
				{ 0, 1, 1, 1, 1, 1, 0 },
				{ 0, 1, 0, 0, 0, 1, 0 },
				{ 0, 1, 1, 1, 1, 1, 0 },
				{ 0, 1, 0, 0, 0, 1, 0 },
				{ 0, 1, 1, 1, 1, 1, 0 },
				{ 0, 0, 0, 0, 0, 0, 0 },
			},
			{
				{ 0, 0, 0, 0, 0, 0, 0 },
				{ 1, 1, 1, 1, 1, 1, 0 },
				{ 1, 0, 0, 0, 0, 1, 0 },
				{ 1, 1, 1, 1, 1, 1, 0 },
				{ 1, 0, 0, 0, 0, 1, 0 },
				{ 1, 1, 1, 1, 1, 1, 0 },
				{ 0, 0, 0, 0, 0, 0, 0 },
			},
			{
				{ 0, 1, 1, 1, 1, 1, 0 },
				{ 0, 1, 0, 0, 0, 1, 0 },
				{ 0, 1, 0, 0, 0, 1, 0 },
				{ 0, 1, 1, 1, 1, 1, 0 },
				{ 0, 1, 0, 0, 0, 1, 0 },
				{ 0, 1, 0, 0, 0, 1, 0 },
				{ 0, 1, 1, 1, 1, 1, 0 },
			},
			{
				{ 0, 0, 0, 0, 0, 0, 0 },
				{ 0, 0, 0, 0, 0, 0, 0 },
				{ 0, 1, 1, 1, 1, 1, 1 },
				{ 0, 1, 0, 0, 0, 0, 1 },
				{ 0, 1, 0, 1, 1, 1, 1 },
				{ 0, 1, 0, 0, 0, 0, 1 },
				{ 0, 1, 1, 1, 1, 1, 1 },
			},
			{
				{ 0, 0, 0, 0, 0, 0, 0 },
				{ 0, 0, 0, 0, 0, 0, 0 },
				{ 0, 1, 1, 1, 1, 0, 0 },
				{ 0, 1, 0, 0, 1, 0, 0 },
				{ 0, 1, 1, 1, 1, 0, 0 },
				{ 0, 1, 0, 0, 1, 0, 0 },
				{ 0, 1, 1, 1, 1, 0, 0 },
			},
			{
				{ 0, 0, 0, 0, 0, 0, 0 },
				{ 0, 0, 0, 0, 0, 0, 0 },
				{ 0, 0, 0, 1, 1, 1, 1 },
				{ 0, 0, 0, 1, 0, 0, 1 },
				{ 0, 0, 0, 1, 1, 1, 1 },
				{ 0, 0, 0, 1, 0, 0, 1 },
				{ 0, 0, 0, 1, 1, 1, 1 },
			},
			{
				{ 0, 0, 0, 0, 0, 0, 0 },
				{ 0, 1, 1, 1, 1, 1, 0 },
				{ 0, 1, 0, 0, 0, 1, 0 },
				{ 0, 1, 1, 1, 1, 1, 0 },
				{ 0, 1, 0, 0, 0, 1, 0 },
				{ 0, 1, 1, 1, 1, 1, 0 },
				{ 0, 0, 0, 0, 0, 0, 0 },
			},
			{
				{ 0, 0, 0, 0, 0, 0, 0 },
				{ 0, 0, 0, 0, 0, 0, 0 },
				{ 1, 1, 1, 1, 0, 0, 0 },
				{ 1, 0, 0, 1, 0, 0, 0 },
				{ 1, 1, 1, 1, 0, 0, 0 },
				{ 1, 0, 0, 1, 0, 0, 0 },
				{ 1, 1, 1, 1, 0, 0, 0 },
			},		// '8'
		},		// '9'
		{
			{
				{ 1, 1, 1, 1, 1, 1, 1 },
				{ 1, 0, 0, 0, 0, 0, 1 },
				{ 1, 0, 0, 0, 0, 0, 1 },
				{ 1, 1, 1, 1, 1, 1, 1 },
				{ 0, 0, 0, 0, 0, 0, 1 },
				{ 0, 0, 0, 0, 0, 0, 1 },
				{ 1, 1, 1, 1, 1, 1, 1 },
			},
			{
				{ 0, 0, 0, 1, 1, 1, 1 },
				{ 0, 0, 0, 1, 0, 0, 1 },
				{ 0, 0, 0, 1, 1, 1, 1 },
				{ 0, 0, 0, 0, 0, 0, 1 },
				{ 0, 0, 0, 1, 1, 1, 1 },
				{ 0, 0, 0, 0, 0, 0, 0 },
				{ 0, 0, 0, 0, 0, 0, 0 },
			},
			{
				{ 0, 0, 0, 0, 0, 0, 0 },
				{ 1, 1, 1, 1, 1, 0, 0 },
				{ 1, 0, 0, 0, 1, 0, 0 },
				{ 1, 1, 1, 1, 1, 0, 0 },
				{ 0, 0, 0, 0, 1, 0, 0 },
				{ 1, 1, 1, 1, 1, 0, 0 },
				{ 0, 0, 0, 0, 0, 0, 0 },
			},
			{
				{ 0, 0, 1, 1, 1, 0, 0 },
				{ 0, 0, 1, 0, 1, 0, 0 },
				{ 0, 0, 1, 1, 1, 0, 0 },
				{ 0, 0, 0, 0, 1, 0, 0 },
				{ 0, 0, 1, 1, 1, 0, 0 },
				{ 0, 0, 0, 0, 0, 0, 0 },
				{ 0, 0, 0, 0, 0, 0, 0 },
			},
			{
				{ 0, 0, 0, 0, 0, 0, 0 },
				{ 0, 1, 1, 1, 1, 1, 1 },
				{ 0, 1, 0, 0, 0, 0, 1 },
				{ 0, 1, 0, 0, 0, 0, 1 },
				{ 0, 1, 1, 1, 1, 1, 1 },
				{ 0, 0, 0, 0, 0, 0, 1 },
				{ 0, 1, 1, 1, 1, 1, 1 },
			},
			{
				{ 0, 0, 0, 0, 0, 0, 0 },
				{ 0, 0, 1, 1, 1, 1, 1 },
				{ 0, 0, 1, 0, 0, 0, 1 },
				{ 0, 0, 1, 1, 1, 1, 1 },
				{ 0, 0, 0, 0, 0, 0, 1 },
				{ 0, 0, 1, 1, 1, 1, 1 },
				{ 0, 0, 0, 0, 0, 0, 0 },
			},
			{
				{ 0, 0, 0, 0, 0, 0, 0 },
				{ 1, 1, 1, 1, 1, 1, 1 },
				{ 1, 0, 0, 0, 0, 0, 1 },
				{ 1, 0, 0, 0, 0, 0, 1 },
				{ 1, 1, 1, 1, 1, 1, 1 },
				{ 0, 0, 0, 0, 0, 0, 1 },
				{ 1, 1, 1, 1, 1, 1, 1 },
			},
			{
				{ 0, 0, 0, 0, 0, 0, 0 },
				{ 0, 0, 0, 0, 0, 0, 0 },
				{ 1, 1, 1, 1, 1, 0, 0 },
				{ 1, 0, 0, 0, 1, 0, 0 },
				{ 1, 1, 1, 1, 1, 0, 0 },
				{ 0, 0, 0, 0, 1, 0, 0 },
				{ 1, 1, 1, 1, 1, 0, 0 },
			},
			{
				{ 0, 0, 0, 0, 0, 0, 0 },
				{ 0, 1, 1, 1, 1, 1, 0 },
				{ 0, 1, 0, 0, 0, 1, 0 },
				{ 0, 1, 1, 1, 1, 1, 0 },
				{ 0, 0, 0, 0, 0, 1, 0 },
				{ 0, 1, 1, 1, 1, 1, 0 },
				{ 0, 0, 0, 0, 0, 0, 0 },
			},
			{
				{ 0, 0, 0, 0, 0, 0, 0 },
				{ 0, 0, 0, 0, 0, 0, 0 },
				{ 0, 0, 0, 0, 1, 1, 1 },
				{ 0, 0, 0, 0, 1, 0, 1 },
				{ 0, 0, 0, 0, 1, 1, 1 },
				{ 0, 0, 0, 0, 0, 0, 1 },
				{ 0, 0, 0, 0, 1, 1, 1 },
			},			// '9'
		},
	};			// Array End.
