
	sample[10][10][7][7] = {
		//00000
		{
			{
				{ 0,0,1,1,1,0,0 },
				{ 0,0,1,0,1,0,0 },
				{ 0,0,1,0,1,0,0 },
				{ 0,0,1,0,1,0,0 },
				{ 0,0,1,0,1,0,0 },
				{ 0,0,1,0,1,0,0 },
				{ 0,0,1,1,1,0,0 }
			},
			{
				{ 0,1,1,1,1,1,0 },
				{ 0,1,0,0,0,1,0 },
				{ 0,1,0,0,0,1,0 },
				{ 0,1,0,0,0,1,0 },
				{ 0,1,0,0,0,1,0 },
				{ 0,1,0,0,0,1,0 },
				{ 0,1,1,1,1,1,0 }
			},
			{
				{ 0,0,0,0,0,0,0 },
				{ 0,0,1,1,1,0,0 },
				{ 0,0,1,0,1,0,0 },
				{ 0,0,1,0,1,0,0 },
				{ 0,0,1,0,1,0,0 },
				{ 0,0,1,1,1,0,0 },
				{ 0,0,0,0,0,0,0 }
			},
			{
				{ 0,0,0,0,0,0,0 },
				{ 0,1,1,1,1,1,0 },
				{ 0,1,0,0,0,1,0 },
				{ 0,1,0,0,0,1,0 },
				{ 0,1,0,0,0,1,0 },
				{ 0,1,1,1,1,1,0 },
				{ 0,0,0,0,0,0,0 }
			},
			{
				{ 1,1,1,1,1,1,1 },
				{ 1,0,0,0,0,0,1 },
				{ 1,0,0,0,0,0,1 },
				{ 1,0,0,0,0,0,1 },
				{ 1,0,0,0,0,0,1 },
				{ 1,0,0,0,0,0,1 },
				{ 1,1,1,1,1,1,1 }
			},
			{
				{ 0,0,0,0,0,0,0 },
				{ 0,0,0,0,0,0,0 },
				{ 1,1,1,0,0,0,0 },
				{ 1,0,1,0,0,0,0 },
				{ 1,0,1,0,0,0,0 },
				{ 1,0,1,0,0,0,0 },
				{ 1,1,1,0,0,0,0 }
			},
			{
				{ 0,0,0,0,0,0,0 },
				{ 1,1,1,0,0,0,0 },
				{ 1,0,1,0,0,0,0 },
				{ 1,0,1,0,0,0,0 },
				{ 1,0,1,0,0,0,0 },
				{ 1,0,1,0,0,0,0 },
				{ 1,1,1,0,0,0,0 }
			},
			{
				{ 0,0,0,0,0,0,0 },
				{ 0,0,0,0,0,0,0 },
				{ 0,0,0,1,1,1,1 },
				{ 0,0,0,1,0,0,1 },
				{ 0,0,0,1,0,0,1 },
				{ 0,0,0,1,0,0,1 },
				{ 0,0,0,1,1,1,1 }
			},
			{
				{ 0,0,0,0,0,0,0 },
				{ 0,0,0,0,0,0,0 },
				{ 0,0,0,0,0,0,0 },
				{ 0,0,0,0,0,0,0 },
				{ 0,0,1,1,1,0,0 },
				{ 0,0,1,0,1,0,0 },
				{ 0,0,1,1,1,0,0 }
			},
			{
				{ 0,0,0,1,1,1,1 },
				{ 0,0,0,1,0,0,1 },
				{ 0,0,0,1,0,0,1 },
				{ 0,0,0,1,1,1,1 },
				{ 0,0,0,0,0,0,0 },
				{ 0,0,0,0,0,0,0 },
				{ 0,0,0,0,0,0,0 }
			}
		},
		//11111
		{
			{
				{ 0,0,0,1,1,0,0 },
				{ 0,0,0,1,1,0,0 },
				{ 0,0,0,1,1,0,0 },
				{ 0,0,0,1,1,0,0 },
				{ 0,0,0,1,1,0,0 },
				{ 0,0,0,1,1,0,0 },
				{ 0,0,0,1,1,0,0 }
			},
			{
				{ 0,0,0,0,0,0,0 },
				{ 0,0,0,1,1,0,0 },
				{ 0,0,0,1,1,0,0 },
				{ 0,0,0,1,1,0,0 },
				{ 0,0,0,1,1,0,0 },
				{ 0,0,0,1,1,0,0 },
				{ 0,0,0,0,0,0,0 }
			},
			{
				{ 0,0,0,0,0,0,0 },
				{ 0,0,0,1,1,0,0 },
				{ 0,0,0,1,1,0,0 },
				{ 0,0,0,1,1,0,0 },
				{ 0,0,0,1,1,0,0 },
				{ 0,0,0,1,1,0,0 },
				{ 0,0,0,1,1,0,0 }
			},
			{
				{ 0,0,0,1,1,0,0 },
				{ 0,0,0,1,1,0,0 },
				{ 0,0,0,1,1,0,0 },
				{ 0,0,0,1,1,0,0 },
				{ 0,0,0,1,1,0,0 },
				{ 0,0,0,1,1,0,0 },
				{ 0,0,0,0,0,0,0 }
			},
			{
				{ 0,0,1,1,0,0,0 },
				{ 0,0,1,1,0,0,0 },
				{ 0,0,1,1,0,0,0 },
				{ 0,0,1,1,0,0,0 },
				{ 0,0,1,1,0,0,0 },
				{ 0,0,1,1,0,0,0 },
				{ 0,0,1,1,0,0,0 }
			},
			{
				{ 0,0,0,0,0,0,0 },
				{ 0,1,1,0,0,0,0 },
				{ 0,1,1,0,0,0,0 },
				{ 0,1,1,0,0,0,0 },
				{ 0,1,1,0,0,0,0 },
				{ 0,1,1,0,0,0,0 },
				{ 0,0,0,0,0,0,0 }
			},
			{
				{ 0,0,0,0,0,0,0 },
				{ 0,0,0,0,0,0,0 },
				{ 0,0,0,0,0,0,0 },
				{ 0,0,0,0,0,1,1 },
				{ 0,0,0,0,0,1,1 },
				{ 0,0,0,0,0,1,1 },
				{ 0,0,0,0,0,1,1 }
			},
			{
				{ 1,1,0,0,0,0,0 },
				{ 1,1,0,0,0,0,0 },
				{ 1,1,0,0,0,0,0 },
				{ 1,1,0,0,0,0,0 },
				{ 1,1,0,0,0,0,0 },
				{ 1,1,0,0,0,0,0 },
				{ 1,1,0,0,0,0,0 }
			},
			{
				{ 0,0,0,0,0,0,0 },
				{ 0,0,0,0,0,0,0 },
				{ 0,0,0,0,0,0,0 },
				{ 0,0,1,1,0,0,0 },
				{ 0,0,1,1,0,0,0 },
				{ 0,0,1,1,0,0,0 },
				{ 0,0,1,1,0,0,0 }
			},
			{
				{ 0,0,0,0,0,1,1 },
				{ 0,0,0,0,0,1,1 },
				{ 0,0,0,0,0,1,1 },
				{ 0,0,0,0,0,1,1 },
				{ 0,0,0,0,0,1,1 },
				{ 0,0,0,0,0,0,0 },
				{ 0,0,0,0,0,0,0 }
			}
		},
		//22222
		{
			{
				{ 0,0,1,1,1,0,0 },
				{ 0,0,0,0,1,0,0 },
				{ 0,0,0,0,1,0,0 },
				{ 0,0,1,1,1,0,0 },
				{ 0,0,1,0,0,0,0 },
				{ 0,0,1,1,1,1,0 },
				{ 0,0,0,0,0,0,0 }
			},
			{
				{ 0,0,1,1,1,0,0 },
				{ 0,0,0,0,1,0,0 },
				{ 0,0,0,0,1,0,0 },
				{ 0,0,0,0,1,0,0 },
				{ 0,0,1,1,1,0,0 },
				{ 0,0,1,0,0,0,0 },
				{ 0,0,1,1,1,1,0 }
			},
			{
				{ 0,0,0,0,0,0,0 },
				{ 0,0,0,1,1,1,0 },
				{ 0,0,0,0,0,1,0 },
				{ 0,0,0,0,0,1,0 },
				{ 0,0,0,1,1,1,0 },
				{ 0,0,0,1,0,0,0 },
				{ 0,0,0,1,1,1,0 }
			},
			{
				{ 0,0,0,0,0,0,0 },
				{ 0,0,0,0,0,0,0 },
				{ 1,1,1,0,0,0,0 },
				{ 0,0,1,0,0,0,0 },
				{ 1,1,1,0,0,0,0 },
				{ 1,0,0,0,0,0,0 },
				{ 1,1,1,1,0,0,0 }
			},
			{
				{ 0,0,0,0,0,0,0 },
				{ 0,1,1,1,1,0,0 },
				{ 0,0,0,0,1,0,0 },
				{ 0,1,1,1,1,0,0 },
				{ 0,1,0,0,0,0,0 },
				{ 0,1,1,1,1,0,0 },
				{ 0,0,0,0,0,0,0 }
			},
			{
				{ 0,0,0,0,0,0,0 },
				{ 0,0,0,0,0,0,0 },
				{ 0,0,0,1,1,1,1 },
				{ 0,0,0,0,0,0,1 },
				{ 0,0,0,1,1,1,1 },
				{ 0,0,0,1,0,0,0 },
				{ 0,0,0,1,1,1,1 }
			},
			{
				{ 0,0,0,0,0,0,0 },
				{ 0,0,0,0,0,0,0 },
				{ 0,0,1,1,1,0,0 },
				{ 0,0,0,0,1,0,0 },
				{ 0,0,1,1,1,0,0 },
				{ 0,0,1,0,0,0,0 },
				{ 0,0,1,1,1,0,0 }
			},
			{
				{ 0,0,1,1,1,1,0 },
				{ 0,0,0,0,0,1,0 },
				{ 0,0,1,1,1,1,0 },
				{ 0,0,1,0,0,0,0 },
				{ 0,0,1,1,1,1,0 },
				{ 0,0,0,0,0,0,0 },
				{ 0,0,0,0,0,0,0 }
			},
			{
				{ 0,0,0,0,0,0,0 },
				{ 0,0,0,1,1,1,0 },
				{ 0,0,0,0,0,1,0 },
				{ 0,0,0,0,0,1,0 },
				{ 0,0,0,1,1,1,0 },
				{ 0,0,0,1,0,0,0 },
				{ 0,0,0,1,1,1,1 }
			},
			{
				{ 0,0,0,0,0,0,0 },
				{ 0,0,0,0,0,0,0 },
				{ 0,0,1,1,1,1,0 },
				{ 0,0,0,0,0,1,0 },
				{ 0,0,1,1,1,1,0 },
				{ 0,0,1,0,0,0,0 },
				{ 0,0,1,1,1,1,1 }
			}
		},
		//33333
		{
			{
				{ 1,1,1,0,0,0,0 },
				{ 0,0,1,0,0,0,0 },
				{ 1,1,1,0,0,0,0 },
				{ 0,0,1,0,0,0,0 },
				{ 1,1,1,0,0,0,0 },
				{ 0,0,0,0,0,0,0 },
				{ 0,0,0,0,0,0,0 }
			},
			{
				{ 0,1,1,1,1,1,0 },
				{ 0,0,0,0,0,1,0 },
				{ 0,0,0,0,0,1,0 },
				{ 0,1,1,1,1,1,0 },
				{ 0,0,0,0,0,1,0 },
				{ 0,0,0,0,0,1,0 },
				{ 0,1,1,1,1,1,0 }
			},
			{
				{ 1,1,1,1,1,1,1 },
				{ 0,0,0,0,0,0,1 },
				{ 0,0,0,0,0,0,1 },
				{ 1,1,1,1,1,1,1 },
				{ 0,0,0,0,0,0,1 },
				{ 0,0,0,0,0,0,1 },
				{ 1,1,1,1,1,1,1 }
			},
			{
				{ 0,0,0,0,0,0,0 },
				{ 0,0,1,1,1,1,0 },
				{ 0,0,0,0,0,1,0 },
				{ 0,0,1,1,1,1,0 },
				{ 0,0,0,0,0,1,0 },
				{ 0,0,1,1,1,1,0 },
				{ 0,0,0,0,0,0,0 }
			},
			{
				{ 0,1,1,1,1,0,0 },
				{ 0,0,0,0,1,0,0 },
				{ 0,0,0,0,1,0,0 },
				{ 0,1,1,1,1,0,0 },
				{ 0,0,0,0,1,0,0 },
				{ 0,0,0,0,1,0,0 },
				{ 0,1,1,1,1,0,0 }
			},
			{
				{ 0,0,0,0,0,0,0 },
				{ 0,0,0,0,1,1,1 },
				{ 0,0,0,0,0,0,1 },
				{ 0,0,0,0,1,1,1 },
				{ 0,0,0,0,0,0,1 },
				{ 0,0,0,0,1,1,1 },
				{ 0,0,0,0,0,0,0 }
			},
			{
				{ 0,0,0,0,0,0,0 },
				{ 0,0,0,1,1,1,1 },
				{ 0,0,0,0,0,0,1 },
				{ 0,0,0,1,1,1,1 },
				{ 0,0,0,0,0,0,1 },
				{ 0,0,0,1,1,1,1 },
				{ 0,0,0,0,0,0,0 }
			},
			{
				{ 0,0,0,0,0,0,0 },
				{ 0,1,1,1,1,1,0 },
				{ 0,0,0,0,0,1,0 },
				{ 0,1,1,1,1,1,0 },
				{ 0,0,0,0,0,1,0 },
				{ 0,0,0,0,0,1,0 },
				{ 0,1,1,1,1,1,0 }
			},
			{
				{ 0,0,0,0,0,0,0 },
				{ 0,0,0,1,1,1,0 },
				{ 0,0,0,0,0,1,0 },
				{ 0,0,0,1,1,1,0 },
				{ 0,0,0,0,0,1,0 },
				{ 0,0,0,1,1,1,0 },
				{ 0,0,0,0,0,0,0 }
			},
			{
				{ 0,0,1,1,1,1,1 },
				{ 0,0,0,0,0,0,1 },
				{ 0,0,1,1,1,1,1 },
				{ 0,0,0,0,0,0,1 },
				{ 0,0,1,1,1,1,1 },
				{ 0,0,0,0,0,0,0 },
				{ 0,0,0,0,0,0,0 }
			}
		},
		//44444
		{
			{
				{ 1,0,0,1,0,0,0 },
				{ 1,0,0,1,0,0,0 },
				{ 1,0,0,1,0,0,0 },
				{ 1,1,1,1,1,0,0 },
				{ 0,0,0,1,0,0,0 },
				{ 0,0,0,1,0,0,0 },
				{ 0,0,0,0,0,0,0 }
			},
			{
				{ 1,0,0,0,0,0,0 },
				{ 1,0,1,0,0,0,0 },
				{ 1,0,1,0,0,0,0 },
				{ 1,1,1,1,0,0,0 },
				{ 0,0,1,0,0,0,0 },
				{ 0,0,1,0,0,0,0 },
				{ 0,0,0,0,0,0,0 }
			},
			{
				{ 0,0,0,0,0,0,0 },
				{ 0,0,0,0,0,0,0 },
				{ 0,0,1,0,1,0,0 },
				{ 0,0,1,0,1,0,0 },
				{ 0,0,1,1,1,1,0 },
				{ 0,0,0,0,1,0,0 },
				{ 0,0,0,0,0,0,0 }
			},
			{
				{ 0,1,0,0,1,0,0 },
				{ 0,1,0,0,1,0,0 },
				{ 0,1,0,0,1,0,0 },
				{ 0,1,1,1,1,1,1 },
				{ 0,0,0,0,1,0,0 },
				{ 0,0,0,0,1,0,0 },
				{ 0,0,0,0,0,0,0 }
			},
			{
				{ 0,0,0,0,0,0,0 },
				{ 0,1,0,0,1,0,0 },
				{ 0,1,0,0,1,0,0 },
				{ 0,1,0,0,1,0,0 },
				{ 0,1,1,1,1,1,0 },
				{ 0,0,0,0,1,0,0 },
				{ 0,0,0,0,1,0,0 }
			},
			{
				{ 0,0,0,0,0,0,0 },
				{ 0,0,0,0,0,0,0 },
				{ 1,0,0,1,0,0,0 },
				{ 1,0,0,1,0,0,0 },
				{ 1,0,0,1,0,0,0 },
				{ 1,1,1,1,1,1,0 },
				{ 0,0,0,1,0,0,0 }
			},
			{
				{ 1,0,0,0,1,0,0 },
				{ 1,0,0,0,1,0,0 },
				{ 1,0,0,0,1,0,0 },
				{ 1,0,0,0,1,0,0 },
				{ 1,1,1,1,1,1,1 },
				{ 0,0,0,0,1,0,0 },
				{ 0,0,0,0,1,0,0 }
			},
			{
				{ 0,0,0,0,0,0,0 },
				{ 0,0,1,0,0,1,0 },
				{ 0,0,1,0,0,1,0 },
				{ 0,0,1,0,0,1,0 },
				{ 0,0,1,1,1,1,1 },
				{ 0,0,0,0,0,1,0 },
				{ 0,0,0,0,0,1,0 }
			},
			{
				{ 0,0,0,0,0,0,0 },
				{ 0,0,0,0,0,0,0 },
				{ 1,0,0,0,0,0,0 },
				{ 1,0,0,0,1,0,0 },
				{ 1,0,0,0,1,0,0 },
				{ 1,1,1,1,1,1,1 },
				{ 0,0,0,0,1,0,0 }
			},
			{
				{ 0,0,0,0,0,0,0 },
				{ 0,0,0,1,0,0,0 },
				{ 0,0,0,1,0,1,0 },
				{ 0,0,0,1,0,1,0 },
				{ 0,0,0,1,1,1,1 },
				{ 0,0,0,0,0,1,0 },
				{ 0,0,0,0,0,1,0 }
			}
		},
		//55555
		{
			{
				{ 1,1,1,0,0,0,0 },
				{ 1,0,0,0,0,0,0 },
				{ 1,1,1,0,0,0,0 },
				{ 0,0,1,0,0,0,0 },
				{ 1,1,1,0,0,0,0 },
				{ 0,0,0,0,0,0,0 },
				{ 0,0,0,0,0,0,0 }
			},
			{
				{ 0,0,1,1,1,1,0 },
				{ 0,0,1,0,0,0,0 },
				{ 0,0,1,0,0,0,0 },
				{ 0,0,1,1,1,1,0 },
				{ 0,0,0,0,0,1,0 },
				{ 0,0,0,0,0,1,0 },
				{ 0,0,1,1,1,1,0 }
			},
			{
				{ 0,0,0,0,0,0,0 },
				{ 0,0,1,1,1,1,0 },
				{ 0,0,1,0,0,0,0 },
				{ 0,0,1,1,1,1,0 },
				{ 0,0,0,0,0,1,0 },
				{ 0,0,0,0,0,1,0 },
				{ 0,0,1,1,1,1,0 }
			},
			{
				{ 0,0,0,0,0,0,0 },
				{ 1,1,1,1,0,0,0 },
				{ 1,0,0,0,0,0,0 },
				{ 1,1,1,1,0,0,0 },
				{ 0,0,0,1,0,0,0 },
				{ 0,0,0,1,0,0,0 },
				{ 1,1,1,1,0,0,0 }
			},
			{
				{ 0,0,0,0,0,0,0 },
				{ 0,0,0,1,1,1,1 },
				{ 0,0,0,1,0,0,0 },
				{ 0,0,0,1,1,1,0 },
				{ 0,0,0,0,0,1,0 },
				{ 0,0,0,0,0,1,0 },
				{ 0,0,1,1,1,1,0 }
			},
			{
				{ 0,0,0,0,0,0,0 },
				{ 0,0,0,0,0,0,0 },
				{ 0,1,1,1,1,0,0 },
				{ 0,1,0,0,0,0,0 },
				{ 0,1,1,1,1,0,0 },
				{ 0,0,0,0,1,0,0 },
				{ 0,1,1,1,1,0,0 }
			},
			{
				{ 0,0,0,0,0,0,0 },
				{ 0,0,0,0,0,0,0 },
				{ 0,0,0,1,1,1,0 },
				{ 0,0,0,1,0,0,0 },
				{ 0,0,0,1,1,1,0 },
				{ 0,0,0,0,0,1,0 },
				{ 0,0,0,1,1,1,0 }
			},
			{
				{ 1,1,1,1,1,1,1 },
				{ 1,0,0,0,0,0,0 },
				{ 1,1,1,1,1,1,0 },
				{ 0,0,0,0,0,1,0 },
				{ 0,0,0,0,0,1,0 },
				{ 0,0,0,0,0,1,0 },
				{ 1,1,1,1,1,1,0 }
			},
			{
				{ 1,1,1,1,1,1,1 },
				{ 1,0,0,0,0,0,0 },
				{ 1,0,0,0,0,0,0 },
				{ 1,1,1,1,1,1,1 },
				{ 0,0,0,0,0,0,1 },
				{ 0,0,0,0,0,0,1 },
				{ 1,1,1,1,1,1,1 }
			},
			{
				{ 0,0,1,1,1,1,1 },
				{ 0,0,1,0,0,0,0 },
				{ 0,0,1,1,1,1,0 },
				{ 0,0,0,0,0,1,0 },
				{ 0,0,0,0,0,1,0 },
				{ 0,0,1,1,1,1,0 },
				{ 0,0,0,0,0,0,0 }
			}
		},
		//66666
		{
			{
				{ 0,0,1,1,1,0,0 },
				{ 0,0,1,0,0,0,0 },
				{ 0,0,1,1,1,0,0 },
				{ 0,0,1,0,1,0,0 },
				{ 0,0,1,1,1,0,0 },
				{ 0,0,0,0,0,0,0 },
				{ 0,0,0,0,0,0,0 }
			},
			{
				{ 0,1,1,1,0,0,0 },
				{ 0,1,0,0,0,0,0 },
				{ 0,1,0,0,0,0,0 },
				{ 0,1,1,1,1,0,0 },
				{ 0,1,0,0,1,0,0 },
				{ 0,1,1,1,1,0,0 },
				{ 0,0,0,1,0,0,0 }
			},
			{
				{ 0,0,1,1,1,0,0 },
				{ 0,0,1,0,0,0,0 },
				{ 0,0,1,1,1,0,0 },
				{ 0,0,1,0,1,0,0 },
				{ 0,0,1,1,1,0,0 },
				{ 0,0,0,0,0,0,0 },
				{ 0,0,0,0,0,0,0 }
			},
			{
				{ 0,0,0,0,0,0,0 },
				{ 0,0,0,0,0,0,0 },
				{ 0,0,1,1,1,0,0 },
				{ 0,0,1,0,0,0,0 },
				{ 0,0,1,1,1,1,0 },
				{ 0,0,1,0,0,1,0 },
				{ 0,0,1,1,1,1,0 }
			},
			{
				{ 0,0,0,0,0,0,0 },
				{ 0,1,1,1,1,0,0 },
				{ 0,1,0,0,0,0,0 },
				{ 0,1,1,1,1,1,0 },
				{ 0,1,0,0,0,1,0 },
				{ 0,1,0,0,0,1,0 },
				{ 0,1,1,1,1,1,0 }
			},
			{
				{ 0,0,0,1,1,1,1 },
				{ 0,0,0,1,0,0,0 },
				{ 0,0,0,1,1,1,1 },
				{ 0,0,0,1,0,0,1 },
				{ 0,0,0,1,1,1,1 },
				{ 0,0,0,0,0,1,0 },
				{ 0,0,0,0,0,0,0 }
			},
			{
				{ 0,0,1,1,1,1,0 },
				{ 0,0,1,0,0,0,0 },
				{ 0,0,1,0,0,0,0 },
				{ 0,0,1,1,1,1,0 },
				{ 0,0,1,0,0,1,0 },
				{ 0,0,1,0,0,1,0 },
				{ 0,0,1,1,1,1,0 }
			},
			{
				{ 0,0,0,0,0,0,0 },
				{ 0,0,0,0,0,0,0 },
				{ 1,1,1,0,0,0,0 },
				{ 1,0,0,0,0,0,0 },
				{ 1,1,1,1,0,0,0 },
				{ 1,0,0,1,0,0,0 },
				{ 1,1,1,1,0,0,0 }
			},
			{
				{ 0,0,0,0,0,0,0 },
				{ 0,0,0,0,0,0,0 },
				{ 0,0,1,1,1,0,0 },
				{ 0,0,1,0,0,0,0 },
				{ 0,0,1,1,1,0,0 },
				{ 0,0,1,0,1,0,0 },
				{ 0,0,1,1,1,0,0 }
			},
			{
				{ 0,0,0,0,0,0,0 },
				{ 0,0,0,0,0,0,0 },
				{ 0,0,0,0,1,1,1 },
				{ 0,0,0,0,1,0,0 },
				{ 0,0,0,0,1,1,1 },
				{ 0,0,0,0,1,0,1 },
				{ 0,0,0,0,1,1,1 }
			}
		},
		//77777
		{
			{
				{ 1,1,1,1,1,1,1 },
				{ 1,0,0,0,0,0,1 },
				{ 0,0,0,0,0,0,1 },
				{ 0,0,0,0,0,0,1 },
				{ 0,0,0,0,0,0,1 },
				{ 0,0,0,0,0,0,1 },
				{ 0,0,0,0,0,0,1 }
			},
			{
				{ 0,0,0,0,0,0,0 },
				{ 0,0,1,1,1,0,0 },
				{ 0,0,1,0,1,0,0 },
				{ 0,0,0,0,1,0,0 },
				{ 0,0,0,0,1,0,0 },
				{ 0,0,0,0,0,0,0 },
				{ 0,0,0,0,0,0,0 }
			},
			{
				{ 0,0,0,0,0,0,0 },
				{ 0,1,1,1,1,0,0 },
				{ 0,1,0,0,1,0,0 },
				{ 0,0,0,0,1,0,0 },
				{ 0,0,0,0,1,0,0 },
				{ 0,0,0,0,1,0,0 },
				{ 0,0,0,0,0,0,0 }
			},
			{
				{ 0,0,0,0,0,0,0 },
				{ 0,0,0,0,0,0,0 },
				{ 0,1,1,1,1,0,0 },
				{ 0,1,0,0,1,0,0 },
				{ 0,0,0,0,1,0,0 },
				{ 0,0,0,0,1,0,0 },
				{ 0,0,0,0,1,0,0 }
			},
			{
				{ 0,0,0,0,0,0,0 },
				{ 0,0,0,1,1,1,1 },
				{ 0,0,0,1,0,0,1 },
				{ 0,0,0,0,0,0,1 },
				{ 0,0,0,0,0,0,1 },
				{ 0,0,0,0,0,0,0 },
				{ 0,0,0,0,0,0,0 }
			},
			{
				{ 0,0,0,0,0,0,0 },
				{ 0,1,1,1,1,1,0 },
				{ 0,1,0,0,0,1,0 },
				{ 0,0,0,0,0,1,0 },
				{ 0,0,0,0,0,1,0 },
				{ 0,0,0,0,0,1,0 },
				{ 0,0,0,0,0,0,0 }
			},
			{
				{ 0,0,0,0,0,0,0 },
				{ 0,0,0,0,0,0,0 },
				{ 0,0,1,1,1,1,0 },
				{ 0,0,1,0,0,1,0 },
				{ 0,0,0,0,0,1,0 },
				{ 0,0,0,0,0,1,0 },
				{ 0,0,0,0,0,0,0 }
			},
			{
				{ 0,0,0,0,0,0,0 },
				{ 1,1,1,1,1,0,0 },
				{ 1,0,0,0,1,0,0 },
				{ 0,0,0,0,1,0,0 },
				{ 0,0,0,0,1,0,0 },
				{ 0,0,0,0,1,0,0 },
				{ 0,0,0,0,1,0,0 }
			},
			{
				{ 0,0,0,0,0,0,0 },
				{ 0,0,0,0,0,0,0 },
				{ 0,0,1,1,1,1,1 },
				{ 0,0,1,0,0,0,1 },
				{ 0,0,0,0,0,0,1 },
				{ 0,0,0,0,0,0,1 },
				{ 0,0,0,0,0,0,1 }
			},
			{
				{ 0,0,0,0,0,0,0 },
				{ 0,0,0,0,0,0,0 },
				{ 0,0,0,0,0,0,0 },
				{ 0,1,1,1,1,0,0 },
				{ 0,1,0,0,1,0,0 },
				{ 0,0,0,0,1,0,0 },
				{ 0,0,0,0,1,0,0 }
			}
		},
		//88888
		{
			{
				{ 1,1,1,1,1,1,1 },
				{ 1,0,0,0,0,0,1 },
				{ 1,0,0,0,0,0,1 },
				{ 1,1,1,1,1,1,1 },
				{ 1,0,0,0,0,0,1 },
				{ 1,0,0,0,0,0,1 },
				{ 1,1,1,1,1,1,1 }
			},
			{
				{ 0,1,1,1,1,0,0 },
				{ 0,1,0,0,1,0,0 },
				{ 0,1,1,1,1,0,0 },
				{ 0,1,0,0,1,0,0 },
				{ 0,1,1,1,1,0,0 },
				{ 0,0,0,0,0,0,0 },
				{ 0,0,0,0,0,0,0 }
			},
			{
				{ 1,1,1,1,1,1,1 },
				{ 1,0,0,0,0,0,1 },
				{ 1,1,1,1,1,1,1 },
				{ 1,0,0,0,0,0,1 },
				{ 1,0,0,0,0,0,1 },
				{ 1,0,0,0,0,0,1 },
				{ 1,1,1,1,1,1,1 }
			},
			{
				{ 0,0,0,0,0,0,0 },
				{ 1,1,1,1,1,1,0 },
				{ 1,0,0,0,0,1,0 },
				{ 1,1,1,1,1,1,0 },
				{ 1,0,0,0,0,1,0 },
				{ 1,0,0,0,0,1,0 },
				{ 1,1,1,1,1,1,0 }
			},
			{
				{ 0,0,0,0,0,0,0 },
				{ 0,0,0,0,1,1,1 },
				{ 0,0,0,0,1,0,1 },
				{ 0,0,0,0,1,1,1 },
				{ 0,0,0,0,1,0,1 },
				{ 0,0,0,0,1,0,1 },
				{ 0,0,0,0,1,1,1 }
			},
			{
				{ 0,0,0,0,0,0,0 },
				{ 0,0,0,0,0,0,0 },
				{ 0,0,0,1,1,1,0 },
				{ 0,0,0,1,0,1,0 },
				{ 0,0,0,1,1,1,0 },
				{ 0,0,0,1,0,1,0 },
				{ 0,0,0,1,1,1,0 }
			},
			{
				{ 0,0,0,1,1,1,1 },
				{ 0,0,0,1,0,0,1 },
				{ 0,0,0,1,1,1,1 },
				{ 0,0,0,1,0,0,1 },
				{ 0,0,0,1,0,0,1 },
				{ 0,0,0,1,1,1,1 },
				{ 0,0,0,0,0,0,0 }
			},
			{
				{ 0,0,0,0,0,0,0 },
				{ 0,0,1,1,1,1,0 },
				{ 0,0,1,0,0,1,0 },
				{ 0,0,1,1,1,1,0 },
				{ 0,0,1,0,0,1,0 },
				{ 0,0,1,1,1,1,0 },
				{ 0,0,0,0,0,0,0 }
			},
			{
				{ 0,1,1,1,1,1,0 },
				{ 0,1,0,0,0,1,0 },
				{ 0,1,1,1,1,1,0 },
				{ 0,1,0,0,0,1,0 },
				{ 0,1,1,1,1,1,0 },
				{ 0,0,0,0,0,0,0 },
				{ 0,0,0,0,0,0,0 }
			},
			{
				{ 0,0,0,0,0,0,0 },
				{ 1,1,1,1,1,1,1 },
				{ 1,0,0,0,0,0,1 },
				{ 1,0,0,0,0,0,1 },
				{ 1,1,1,1,1,1,1 },
				{ 1,0,0,0,0,0,1 },
				{ 1,1,1,1,1,1,1 }
			}
		},
		//99999
		{
			{
				{ 1,1,1,1,0,0,0 },
				{ 1,0,0,1,0,0,0 },
				{ 1,1,1,1,0,0,0 },
				{ 0,0,0,1,0,0,0 },
				{ 1,1,1,1,0,0,0 },
				{ 0,0,0,0,0,0,0 },
				{ 0,0,0,0,0,0,0 }
			},
			{
				{ 1,1,1,1,1,1,1 },
				{ 1,0,0,0,0,0,1 },
				{ 1,0,0,0,0,0,1 },
				{ 1,1,1,1,1,1,1 },
				{ 0,0,0,0,0,0,1 },
				{ 0,0,0,0,0,0,1 },
				{ 1,1,1,1,1,1,1 }
			},
			{
				{ 0,0,0,0,1,1,1 },
				{ 0,0,0,0,1,0,1 },
				{ 0,0,0,0,1,1,1 },
				{ 0,0,0,0,0,0,1 },
				{ 0,0,0,0,1,1,1 },
				{ 0,0,0,0,0,0,0 },
				{ 0,0,0,0,0,0,0 }
			},
			{
				{ 0,0,0,0,0,0,0 },
				{ 0,1,1,1,1,1,0 },
				{ 0,1,0,0,0,1,0 },
				{ 0,1,0,0,0,1,0 },
				{ 0,1,1,1,1,1,0 },
				{ 0,0,0,0,0,1,0 },
				{ 0,1,1,1,1,1,0 }
			},
			{
				{ 0,0,0,0,0,0,0 },
				{ 0,0,0,0,0,0,0 },
				{ 0,0,0,1,1,1,0 },
				{ 0,0,0,1,0,1,0 },
				{ 0,0,0,1,1,1,0 },
				{ 0,0,0,0,0,1,0 },
				{ 0,0,0,1,1,1,0 }
			},
			{
				{ 0,0,0,0,0,0,0 },
				{ 0,0,0,0,0,0,0 },
				{ 1,1,1,1,0,0,0 },
				{ 1,0,0,1,0,0,0 },
				{ 1,1,1,1,0,0,0 },
				{ 0,0,0,1,0,0,0 },
				{ 1,1,1,1,0,0,0 }
			},
			{
				{ 0,0,0,0,0,0,0 },
				{ 0,0,0,0,0,0,0 },
				{ 0,0,0,0,0,0,0 },
				{ 0,0,1,1,1,0,0 },
				{ 0,0,1,1,1,0,0 },
				{ 0,0,0,0,1,0,0 },
				{ 0,0,1,1,1,0,0 }
			},
			{
				{ 0,0,0,0,0,0,0 },
				{ 0,0,0,0,0,0,0 },
				{ 0,0,1,1,1,1,1 },
				{ 0,0,1,0,0,0,1 },
				{ 0,0,1,1,1,1,1 },
				{ 0,0,0,0,0,0,1 },
				{ 0,0,1,1,1,1,1 }
			},
			{
				{ 0,0,0,0,0,0,0 },
				{ 0,0,1,1,1,1,1 },
				{ 0,0,1,0,0,0,1 },
				{ 0,0,1,0,0,0,1 },
				{ 0,0,1,1,1,1,1 },
				{ 0,0,0,0,0,0,1 },
				{ 0,0,0,1,1,1,1 }
			},
			{
				{ 0,0,0,0,0,0,0 },
				{ 1,1,1,1,1,1,0 },
				{ 1,0,0,0,0,1,0 },
				{ 1,1,1,1,1,1,0 },
				{ 0,0,0,0,0,1,0 },
				{ 0,0,0,0,0,1,0 },
				{ 0,1,1,1,1,1,0 }
			}
		}
	};